697.5731811523438 697.510986328125 900.9085083007812 861.75048828125
1905.033447265625 715.2542114257812 2122.3388671875 966.2470703125
2056.2978515625 707.7470092773438 2269.50927734375 874.4808959960938
1104.4635009765625 478.1371154785156 1186.84326171875 717.872802734375
851.793701171875 712.2518920898438 1029.780029296875 969.3731079101562
1668.369140625 789.3856201171875 1841.55712890625 1039.8463134765625
868.8440551757812 435.95965576171875 986.2932739257812 680.1416015625
1749.554443359375 755.705078125 1981.4942626953125 1015.7437133789062
1662.300048828125 441.30352783203125 1751.11328125 777.80419921875
1259.0902099609375 427.3062438964844 1341.7403564453125 741.2806396484375
984.4369506835938 448.4255676269531 1112.2159423828125 707.1431884765625
1414.861328125 474.1034240722656 1503.93115234375 768.7153930664062
1108.214599609375 788.1849365234375 1225.2176513671875 1028.5841064453125
965.822265625 749.5505981445312 1163.4554443359375 1012.9619140625
1506.1416015625 482.3997497558594 1593.3359375 774.3867797851562
1198.553466796875 792.4186401367188 1300.1875 1029.5887451171875
1626.55712890625 836.3115844726562 1714.6375732421875 1055.52001953125
1590.54541015625 488.51788330078125 1669.81005859375 771.2661743164062
1342.9803466796875 481.20538330078125 1415.63916015625 754.298095703125
1179.4744873046875 465.2454833984375 1269.030029296875 729.8851928710938
1252.5537109375 803.0161743164062 1364.7015380859375 1048.632080078125
1352.1163330078125 791.2434692382812 1415.0303955078125 1018.6688232421875
2062.79150390625 444.6352844238281 2189.505126953125 654.3887329101562
1829.98583984375 477.60894775390625 1959.81201171875 715.2721557617188
1551.117431640625 817.4456787109375 1628.968994140625 1073.8194580078125
1448.1077880859375 803.8319091796875 1504.2646484375 1010.2499389648438
1735.74951171875 470.8085021972656 1844.00927734375 743.029052734375
1392.42333984375 801.6965942382812 1455.9000244140625 1013.6131591796875
1955.704833984375 454.69989013671875 2088.166748046875 691.9653930664062
1498.5767822265625 810.4495239257812 1556.0712890625 1014.3883056640625
