2076.009033203125 688.7222900390625 2253.399169921875 858.2583618164062
1674.152587890625 850.2299194335938 1761.728271484375 1062.9407958984375
1945.6517333984375 739.4265747070312 2144.130615234375 959.7025146484375
2016.7457275390625 515.1497192382812 2147.318359375 732.9186401367188
1661.8045654296875 542.6134643554688 1744.7161865234375 836.5171508789062
1583.8819580078125 558.2716674804688 1661.970703125 825.9232177734375
1340.7357177734375 560.6270751953125 1414.37158203125 815.8681640625
1498.3665771484375 578.5835571289062 1583.9580078125 832.6688232421875
1746.5078125 831.3001708984375 1862.603759765625 1040.2178955078125
1186.5826416015625 820.6328735351562 1287.6082763671875 1039.0987548828125
1602.5419921875 853.8236694335938 1679.056640625 1110.687744140625
1818.5943603515625 796.4215087890625 2015.8248291015625 1027.86279296875
858.6895141601562 482.5093078613281 991.6077270507812 722.1117553710938
841.8624877929688 720.9061279296875 1025.5252685546875 934.2232055664062
1255.2474365234375 837.058349609375 1358.52001953125 1077.32470703125
745.9614868164062 675.1005249023438 904.181640625 850.2149658203125
1534.7994384765625 862.669677734375 1599.7462158203125 1057.210205078125
1090.8265380859375 554.7365112304688 1177.1103515625 780.3147583007812
1900.12939453125 543.4000854492188 2030.9013671875 784.154541015625
1412.7264404296875 559.6319580078125 1496.196044921875 830.1039428710938
1355.00634765625 852.9417724609375 1422.111328125 1053.801025390625
970.446044921875 535.4934692382812 1097.6043701171875 761.5392456054688
1171.75634765625 558.495361328125 1266.1741943359375 792.59033203125
1258.0826416015625 496.138671875 1339.3502197265625 805.9188232421875
1106.09765625 807.4920043945312 1209.6551513671875 1016.5052490234375
1473.616455078125 862.7892456054688 1534.6400146484375 1058.9200439453125
1416.908935546875 859.6257934570312 1480.101318359375 1050.8941650390625
959.1852416992188 767.5771484375 1142.0889892578125 1026.1976318359375
1822.61962890625 584.9973754882812 1918.9007568359375 809.6122436523438
1740.7947998046875 591.5690307617188 1833.9339599609375 826.1707153320312
