1876.671875 774.7153930664062 2093.24755859375 1000.7634887695312
1970.891845703125 471.1548767089844 2104.97119140625 727.8301391601562
800.0625610351562 804.4513549804688 996.6581420898438 1030.3055419921875
2009.166015625 704.7305908203125 2230.489013671875 913.5657348632812
1855.31005859375 518.1422729492188 1984.8521728515625 756.0396728515625
1741.6912841796875 810.0684814453125 1957.0989990234375 1046.3084716796875
950.1027221679688 562.6449584960938 1059.6075439453125 790.1067504882812
2080.33740234375 410.7008056640625 2221.114501953125 677.7151489257812
676.5240478515625 746.07861328125 876.5479125976562 956.6845092773438
1290.9384765625 567.6329345703125 1367.02880859375 818.7022094726562
737.4080200195312 490.6846923828125 848.0700073242188 725.1921997070312
1659.3597412109375 830.681884765625 1771.6728515625 1062.3779296875
839.0855712890625 532.7619018554688 948.5813598632812 764.8888549804688
1164.617431640625 865.231201171875 1237.6563720703125 1073.10986328125
936.1454467773438 837.4759521484375 1113.35009765625 1072.679931640625
1462.1136474609375 562.7547607421875 1554.1474609375 811.5703735351562
1781.07861328125 538.6566772460938 1869.582275390625 770.005859375
1129.015625 576.4732055664062 1208.7955322265625 801.989501953125
1621.403564453125 470.5481872558594 1711.1610107421875 791.376220703125
1463.29296875 849.4959106445312 1522.9957275390625 1054.9757080078125
1220.8682861328125 854.0467529296875 1305.98876953125 1087.24658203125
1209.8695068359375 536.6025390625 1294.75146484375 823.2614135742188
1705.02001953125 547.7658081054688 1791.56396484375 779.1404418945312
1057.874755859375 564.5404663085938 1132.156005859375 798.3181762695312
1541.47265625 544.172119140625 1626.656494140625 796.8048095703125
1522.828369140625 848.808837890625 1598.22314453125 1097.666748046875
1298.3751220703125 849.41845703125 1359.4273681640625 1056.0130615234375
1591.97412109375 838.85205078125 1680.1744384765625 1072.210693359375
1363.9891357421875 565.4429321289062 1460.988037109375 822.2969360351562
1095.613037109375 863.8641357421875 1173.88720703125 1064.721923828125
1411.4263916015625 849.4423217773438 1462.1669921875 1023.268798828125
1356.667236328125 853.1422119140625 1408.826904296875 1030.38232421875
