960.0007934570312 590.3910522460938 1078.03125 817.7081909179688
845.09912109375 569.4019165039062 968.396728515625 799.0333251953125
753.6567993164062 802.512451171875 880.4065551757812 990.52294921875
850.7552490234375 823.2432250976562 1012.9442138671875 1031.424072265625
1828.5968017578125 574.5663452148438 1967.279052734375 808.0322875976562
1207.69140625 905.8990478515625 1301.79296875 1135.1964111328125
977.6377563476562 862.753173828125 1156.5758056640625 1093.164794921875
1935.2498779296875 808.646484375 2102.855712890625 1029.1212158203125
1120.616455078125 931.21142578125 1215.3310546875 1115.213134765625
1363.763671875 614.8545532226562 1451.331298828125 885.2255249023438
1585.944580078125 918.8607788085938 1667.548583984375 1179.798095703125
1801.922607421875 852.338623046875 2004.0775146484375 1105.0543212890625
1756.73388671875 595.9344482421875 1846.068603515625 830.9443359375
1597.7908935546875 563.4751586914062 1679.1834716796875 869.3377685546875
1944.9796142578125 544.0654296875 2088.3505859375 781.5857543945312
803.2488403320312 529.5143432617188 930.53662109375 664.5039672851562
1727.1708984375 889.2156982421875 1860.584228515625 1138.9671630859375
1652.055419921875 907.5611572265625 1765.5927734375 1146.5543212890625
1149.9737548828125 620.7360229492188 1229.5858154296875 852.4266357421875
1964.2562255859375 482.24700927734375 2122.00537109375 628.6724243164062
1367.1527099609375 923.2017822265625 1424.3497314453125 1137.2623291015625
1530.68798828125 638.8309936523438 1601.66650390625 868.5987548828125
1420.85498046875 920.7904663085938 1475.082763671875 1102.214111328125
1447.654541015625 627.1642456054688 1535.435791015625 888.063232421875
1077.6868896484375 610.5337524414062 1153.452880859375 837.5176391601562
1295.6619873046875 922.2140502929688 1367.53076171875 1177.9580078125
1673.4935302734375 609.9247436523438 1765.7508544921875 850.7151489257812
1472.1131591796875 915.6924438476562 1525.408935546875 1105.3953857421875
1525.4154052734375 921.5200805664062 1585.9259033203125 1133.632568359375
1296.6678466796875 641.4605712890625 1361.2750244140625 870.398681640625
2077.81494140625 769.6529541015625 2259.6953125 906.38037109375
1224.491943359375 588.4885864257812 1298.05859375 874.084228515625
