919.3011474609375 517.1776123046875 1037.3350830078125 742.9778442382812
995.75634765625 774.3267822265625 1118.36376953125 1004.8272705078125
1845.5745849609375 488.29229736328125 1967.048095703125 710.9465942382812
717.3938598632812 543.5977783203125 832.279541015625 742.2621459960938
1023.0844116210938 542.7955932617188 1111.2801513671875 735.0026245117188
1802.149658203125 752.8287963867188 1947.4971923828125 976.9881591796875
1707.755126953125 765.085693359375 1806.721435546875 960.4854736328125
1634.5989990234375 764.8004760742188 1719.1219482421875 1015.089599609375
1394.9307861328125 744.6325073242188 1450.421875 959.5239868164062
1959.013427734375 456.9116516113281 2085.47216796875 704.631103515625
820.1135864257812 520.4286499023438 928.7794799804688 733.8464965820312
1116.443115234375 777.1944580078125 1191.546630859375 997.9053955078125
1588.6318359375 443.13348388671875 1677.2830810546875 719.602783203125
1416.879150390625 457.34637451171875 1510.802001953125 716.258544921875
1512.642822265625 462.641357421875 1586.1922607421875 716.2158203125
1099.2061767578125 533.5280151367188 1186.405029296875 739.0829467773438
1672.346923828125 486.2127380371094 1763.33837890625 715.5620727539062
1500.248779296875 742.2227172851562 1561.4505615234375 987.0221557617188
1242.30615234375 476.5898132324219 1332.6497802734375 723.9365844726562
864.3551025390625 764.7770385742188 1004.4895629882812 977.7865600585938
1321.1746826171875 462.9918212890625 1422.7078857421875 719.0687255859375
1189.6778564453125 774.5524291992188 1275.0087890625 999.5306396484375
1760.240234375 497.7303161621094 1847.2332763671875 716.2075805664062
1916.208740234375 726.7880249023438 2091.1435546875 932.8678588867188
1160.032470703125 490.60198974609375 1261.6541748046875 736.2181396484375
1557.3504638671875 743.11376953125 1635.4088134765625 1033.431396484375
1264.058349609375 757.29296875 1351.4168701171875 1016.1689453125
1335.849609375 747.785400390625 1406.5833740234375 974.6283569335938
1448.850830078125 745.0025634765625 1503.4384765625 955.4341430664062
