1976.1485595703125 559.2022705078125 2101.669921875 819.00390625
1728.7225341796875 931.907958984375 1880.2132568359375 1166.55908203125
1933.6558837890625 847.1687622070312 2142.22119140625 1068.438232421875
2063.69287109375 814.118896484375 2212.863037109375 1025.7646484375
804.6165771484375 831.4786987304688 1001.87939453125 1051.567626953125
1860.316650390625 590.9974975585938 1989.3282470703125 854.1301879882812
1573.1087646484375 939.2942504882812 1652.5931396484375 1219.7659912109375
1649.229248046875 941.6597290039062 1768.881591796875 1199.331298828125
1271.4013671875 664.1039428710938 1340.799560546875 898.4888305664062
1802.5858154296875 892.7738037109375 2009.7091064453125 1137.204345703125
926.1055908203125 580.5911865234375 1041.5018310546875 840.36328125
1168.8170166015625 935.7479248046875 1252.0531005859375 1184.105712890625
1337.3936767578125 642.8447875976562 1424.4990234375 917.1975708007812
1425.544189453125 656.1104736328125 1516.5965576171875 920.384765625
1504.51220703125 936.5115966796875 1571.945068359375 1155.482666015625
822.2317504882812 549.8262939453125 945.7025146484375 799.0072021484375
1593.112548828125 593.5022583007812 1695.050048828125 907.0040283203125
2045.9495849609375 545.374755859375 2199.347900390625 779.6382446289062
1685.039306640625 647.4005126953125 1784.3511962890625 892.9898681640625
1775.551025390625 604.4130249023438 1866.4705810546875 876.6088256835938
925.1567993164062 874.6226196289062 1116.475830078125 1124.52978515625
1444.3564453125 939.226318359375 1505.200439453125 1155.3192138671875
1107.5592041015625 642.9859619140625 1197.2598876953125 879.1215209960938
1188.451904296875 597.388671875 1273.1614990234375 899.3177490234375
1061.6728515625 921.9102783203125 1180.5404052734375 1156.8114013671875
1390.38720703125 936.7400512695312 1445.4036865234375 1150.6282958984375
1515.4869384765625 665.8234252929688 1591.697998046875 904.6928100585938
1035.06640625 621.1734008789062 1123.142333984375 860.5958251953125
1255.05322265625 935.71728515625 1327.7137451171875 1205.22412109375
1328.835693359375 931.9378662109375 1389.7572021484375 1154.765380859375
