826.775146484375 772.9011840820312 987.7661743164062 1020.1098022460938
2045.2244873046875 487.56158447265625 2213.990234375 717.062744140625
1976.7869873046875 531.429931640625 2107.3466796875 767.4727172851562
1341.4136962890625 855.1478271484375 1405.6856689453125 1090.775634765625
835.1080932617188 529.7902221679688 967.44287109375 765.850830078125
1584.5782470703125 850.276611328125 1668.0262451171875 1161.7498779296875
1459.5008544921875 549.0142211914062 1552.72705078125 844.6325073242188
1746.1077880859375 841.853515625 1869.7601318359375 1069.056396484375
1371.588134765625 547.9493408203125 1458.5416259765625 837.7590942382812
1826.219970703125 814.12890625 2029.405517578125 1043.019775390625
2113.699462890625 780.9676513671875 2316.536376953125 940.9091796875
954.6015014648438 551.7950439453125 1073.894287109375 789.0094604492188
1300.843994140625 560.9393310546875 1370.5113525390625 827.5067138671875
1086.2095947265625 833.5928344726562 1186.1173095703125 1067.96044921875
1955.2188720703125 770.5117797851562 2149.767822265625 1001.8582763671875
1460.3011474609375 862.2752075195312 1520.283447265625 1078.3009033203125
1145.2244873046875 563.1363525390625 1232.5411376953125 819.1956176757812
1783.666015625 552.4379272460938 1875.4481201171875 810.6934814453125
1865.414306640625 520.6986694335938 1993.041748046875 794.4161376953125
1222.15087890625 492.8481750488281 1299.617919921875 831.5388793945312
1702.710205078125 548.5914306640625 1793.3583984375 827.3238525390625
1659.7965087890625 841.5582275390625 1754.345703125 1094.1343994140625
1250.8297119140625 834.8904418945312 1343.9620361328125 1151.0145263671875
1550.795654296875 561.26416015625 1626.5079345703125 835.8804321289062
1626.7391357421875 491.5287780761719 1709.589111328125 834.570556640625
679.7850952148438 793.2269287109375 845.5918579101562 963.1414794921875
933.5642700195312 802.0877075195312 1114.5965576171875 1044.7344970703125
1068.980712890625 554.0374145507812 1150.66748046875 803.095458984375
1182.6033935546875 835.0913696289062 1262.673828125 1089.896240234375
1519.29345703125 855.1709594726562 1588.057861328125 1087.8338623046875
1402.7169189453125 861.3400268554688 1461.1943359375 1074.18212890625
