1429.2283935546875 580.0441284179688 1525.128173828125 842.2039184570312
1666.2969970703125 845.8974609375 1788.0718994140625 1075.003173828125
915.1668090820312 507.4924621582031 1045.2677001953125 752.3764038085938
1459.97216796875 868.5423583984375 1518.732421875 1066.08154296875
1598.0810546875 542.4249267578125 1701.6578369140625 822.6163330078125
1587.24365234375 854.1680297851562 1689.164794921875 1090.8509521484375
1167.739013671875 847.55322265625 1267.6595458984375 1076.607177734375
1340.0970458984375 559.6799926757812 1429.65771484375 842.6173706054688
765.6963500976562 737.278076171875 992.5946044921875 955.9185791015625
1037.9632568359375 518.853759765625 1118.2921142578125 777.2265014648438
1755.039306640625 846.8661499023438 1891.7625732421875 1085.7203369140625
1272.3905029296875 580.0946655273438 1340.6109619140625 821.6885986328125
931.8622436523438 793.4718017578125 1124.509033203125 1035.6795654296875
1992.690673828125 487.7799377441406 2141.704345703125 735.4473266601562
1828.8104248046875 800.9267578125 2059.0146484375 1043.85302734375
806.7615356445312 465.5049743652344 937.427978515625 706.4542236328125
1402.339599609375 865.8216552734375 1460.367919921875 1064.830810546875
1084.8765869140625 831.8505859375 1197.1822509765625 1073.8519287109375
1519.0179443359375 863.4158325195312 1585.4881591796875 1070.0223388671875
1247.25830078125 852.6673583984375 1348.64404296875 1088.1748046875
1524.067626953125 589.2537841796875 1605.037109375 831.6478881835938
1191.88916015625 529.5211791992188 1272.8389892578125 809.1548461914062
1785.564208984375 531.1259765625 1887.468505859375 796.073486328125
1341.6796875 867.6512451171875 1404.009521484375 1072.514404296875
1678.5269775390625 550.5838012695312 1794.9693603515625 804.11669921875
1107.3021240234375 545.8257446289062 1198.71435546875 793.0860595703125
1966.9964599609375 759.7706298828125 2216.707763671875 955.6510009765625
1875.6204833984375 511.9889221191406 2017.6640625 769.2667236328125
