2001.1273193359375 512.1300048828125 2135.883544921875 762.9520263671875
2061.702880859375 469.1269836425781 2220.54931640625 697.7484130859375
2058.135986328125 705.1451416015625 2268.885009765625 889.2493286132812
1907.9573974609375 804.0455322265625 2148.3779296875 1000.1644897460938
825.64306640625 769.0635375976562 1029.7689208984375 977.482177734375
1873.43359375 511.7012939453125 2012.78662109375 803.460205078125
793.4655151367188 472.38385009765625 923.3646240234375 707.7601928710938
1763.4283447265625 857.2598266601562 1985.4730224609375 1091.57763671875
1088.63134765625 560.77685546875 1192.6656494140625 823.2642822265625
953.7276611328125 832.40625 1161.904052734375 1067.4542236328125
1254.954345703125 550.4049682617188 1340.218505859375 879.56494140625
743.4978637695312 720.3668212890625 899.2286376953125 940.94287109375
1589.736572265625 897.1254272460938 1736.2625732421875 1155.16357421875
1499.0989990234375 612.1600952148438 1590.3077392578125 899.932373046875
1678.86279296875 880.5859985351562 1847.3929443359375 1113.786376953125
1409.3763427734375 599.6215209960938 1503.499755859375 904.5360717773438
1339.4605712890625 610.318115234375 1412.5986328125 868.4303588867188
1585.91357421875 586.4415283203125 1665.286865234375 885.97216796875
889.4151611328125 499.486083984375 1022.2359008789062 769.6551513671875
1512.2366943359375 923.3519897460938 1603.6160888671875 1160.837158203125
1169.660400390625 572.3432006835938 1268.3155517578125 847.2470703125
1662.533203125 554.72900390625 1756.7254638671875 879.6436767578125
1269.5399169921875 913.0836791992188 1386.01171875 1149.317138671875
1081.3751220703125 880.22314453125 1232.96484375 1111.98095703125
1198.2235107421875 888.6520385742188 1315.1573486328125 1131.4686279296875
1450.4166259765625 931.1644287109375 1511.0753173828125 1137.79931640625
1372.653076171875 934.018310546875 1446.0374755859375 1133.927978515625
1000.1073608398438 687.2060546875 1098.2176513671875 795.0619506835938
