1932.1795654296875 528.0542602539062 2057.4296875 844.953369140625
754.4346313476562 832.9168090820312 974.73046875 1032.342041015625
1738.1910400390625 553.3659057617188 1828.708740234375 863.345458984375
1570.9825439453125 506.56048583984375 1688.1195068359375 865.2400512695312
1143.048828125 882.9017333984375 1224.17822265625 986.1856689453125
1293.265869140625 893.6751708984375 1362.356689453125 1074.5625
1630.9560546875 874.2854614257812 1754.2117919921875 1129.7364501953125
1423.5938720703125 707.3058471679688 1509.94482421875 875.85888671875
1209.575439453125 889.76708984375 1296.158203125 1104.4486083984375
1546.3609619140625 886.9317016601562 1658.4967041015625 1124.3834228515625
1064.896240234375 529.0601806640625 1137.2503662109375 856.9851684570312
1129.62060546875 545.7845458984375 1210.04248046875 864.6516723632812
1834.9368896484375 852.2867431640625 2030.0142822265625 1111.1368408203125
1823.595947265625 698.9246826171875 1949.8538818359375 856.19775390625
1506.1092529296875 689.5921020507812 1588.36181640625 871.8026123046875
1240.1124267578125 514.7693481445312 1341.094482421875 858.7374267578125
1132.7249755859375 700.8794555664062 1210.9835205078125 864.1670532226562
968.5143432617188 551.3099365234375 1071.3575439453125 858.152099609375
1418.915771484375 890.414794921875 1485.1097412109375 1056.893310546875
1661.902099609375 615.326904296875 1752.310302734375 867.8032836914062
1067.5958251953125 876.7589111328125 1151.6741943359375 979.4990844726562
1471.886962890625 885.8634033203125 1551.509765625 1074.11083984375
1359.6181640625 892.4342041015625 1423.491943359375 1062.5897216796875
963.8771362304688 863.7528686523438 1084.2200927734375 977.3253173828125
1728.78759765625 869.5513305664062 1846.594482421875 968.3279418945312
1340.653076171875 711.5816650390625 1425.3721923828125 875.7218017578125
742.0259399414062 576.548583984375 860.9849853515625 834.3731689453125
850.5835571289062 601.365478515625 966.394775390625 820.9304809570312
1196.680419921875 693.8071899414062 1278.844970703125 867.1380615234375
