1840.473876953125 718.3546752929688 2068.131103515625 992.1511840820312
1858.4835205078125 406.11346435546875 1993.56689453125 678.3678588867188
1988.08349609375 380.71722412109375 2112.07568359375 647.738037109375
2103.059326171875 590.0507202148438 2351.493408203125 821.656494140625
1755.5889892578125 754.6591796875 1899.5029296875 1013.1158447265625
1980.0145263671875 665.66015625 2238.64501953125 926.94287109375
1427.245849609375 415.4945373535156 1520.58544921875 731.563720703125
1258.4051513671875 440.813720703125 1336.58642578125 710.6727294921875
674.1199951171875 553.1581420898438 909.6875 798.228271484375
1171.341796875 733.8223876953125 1292.8585205078125 983.1764526367188
2099.679443359375 361.83392333984375 2239.49658203125 594.5599365234375
1026.51806640625 381.5032958984375 1108.4984130859375 659.3749389648438
1179.0081787109375 371.2539978027344 1262.1455078125 693.9335327148438
1603.849853515625 759.0331420898438 1725.950927734375 1029.038330078125
786.3580322265625 637.157958984375 1025.919921875 895.9884033203125
1482.4774169921875 754.3622436523438 1541.3258056640625 934.779296875
903.631103515625 365.0748596191406 1038.1353759765625 641.9458618164062
1778.9552001953125 382.299560546875 1869.966552734375 697.8562622070312
1688.49560546875 396.75323486328125 1789.5009765625 717.8629760742188
1517.5947265625 432.59735107421875 1604.728759765625 713.9827880859375
1252.6868896484375 746.241943359375 1369.0137939453125 999.3545532226562
1427.3140869140625 747.31201171875 1486.0513916015625 932.3917236328125
1692.8095703125 784.3171997070312 1829.038818359375 1029.640869140625
1336.451416015625 428.9583740234375 1427.79931640625 731.0628662109375
794.487548828125 336.2751770019531 910.874267578125 591.900634765625
1100.83935546875 404.3607177734375 1181.444580078125 669.8216552734375
1541.889404296875 758.1228637695312 1605.27734375 950.8233642578125
1602.1220703125 366.6100158691406 1698.5556640625 725.0200805664062
938.735107421875 674.4840698242188 1147.861328125 946.0272216796875
1366.3424072265625 761.49755859375 1430.4979248046875 932.6631469726562
1102.133056640625 708.916015625 1219.0703125 976.5344848632812
