1855.1220703125 506.3949279785156 1985.9541015625 770.5765991210938
1916.9674072265625 750.980224609375 2131.773193359375 985.772216796875
1972.987548828125 482.2222595214844 2105.718017578125 744.4225463867188
2068.32470703125 729.3589477539062 2278.258544921875 897.6502685546875
1777.009033203125 781.9833984375 1983.9578857421875 1056.632568359375
1117.6878662109375 810.6751708984375 1244.73828125 1066.85546875
988.65625 514.2095336914062 1116.03857421875 767.9105834960938
713.837646484375 750.6896362304688 910.2025146484375 919.6990356445312
1773.3984375 526.9175415039062 1862.6177978515625 788.2816162109375
1690.5252685546875 805.780029296875 1829.0318603515625 1060.2913818359375
1461.2716064453125 820.0662231445312 1514.1873779296875 1054.169921875
873.5693359375 482.996337890625 990.982177734375 746.3604125976562
768.437255859375 478.4313659667969 877.8594970703125 745.3402709960938
866.745361328125 752.1300659179688 1037.541748046875 994.7102661132812
969.1724853515625 785.8650512695312 1170.0374755859375 1054.602294921875
1566.7437744140625 820.4107666015625 1641.98095703125 1102.81591796875
1480.9393310546875 539.9990844726562 1566.8651123046875 798.2705078125
1247.2122802734375 498.2770690917969 1336.7847900390625 791.812255859375
1110.349365234375 508.3069152832031 1191.802490234375 784.0723266601562
1185.410400390625 519.3948364257812 1275.8358154296875 794.069091796875
1622.8570556640625 816.6941528320312 1718.7452392578125 1080.5057373046875
1370.3807373046875 826.5614013671875 1428.296875 1049.11328125
2094.87060546875 477.7418212890625 2237.431640625 730.3263549804688
1400.604248046875 538.7132568359375 1481.0888671875 799.2296752929688
1287.1666259765625 824.9671020507812 1376.973876953125 1093.884765625
1511.0584716796875 822.549560546875 1572.308837890625 1037.2919921875
1213.828369140625 815.1963500976562 1315.9482421875 1073.630859375
1624.371337890625 488.86126708984375 1715.5531005859375 800.5047607421875
1695.2564697265625 524.365478515625 1783.8734130859375 797.3512573242188
1336.0406494140625 554.3787841796875 1400.8731689453125 793.10595703125
1421.2857666015625 827.7492065429688 1469.240234375 1036.7257080078125
1561.841552734375 551.5426025390625 1631.553955078125 792.3740234375
