1986.072509765625 817.3703002929688 2175.734375 1027.248046875
779.3877563476562 764.1239624023438 910.8653564453125 957.0489501953125
1705.5904541015625 917.7987060546875 1931.8338623046875 1143.834228515625
1824.193115234375 603.4612426757812 1964.41259765625 865.6356201171875
1191.9114990234375 611.5592041015625 1276.1343994140625 862.547607421875
961.6217041015625 861.8076171875 1133.2159423828125 1076.6231689453125
1680.14453125 613.1524047851562 1769.1090087890625 902.4747924804688
1337.3974609375 644.4526977539062 1402.4932861328125 882.3530883789062
1836.8941650390625 867.1585083007812 2056.443603515625 1083.0987548828125
1473.8179931640625 644.57470703125 1559.120849609375 900.526123046875
1252.10888671875 564.8326416015625 1339.6553955078125 877.9297485351562
1399.6468505859375 639.183837890625 1477.4500732421875 895.881591796875
1217.7523193359375 920.3541870117188 1328.7236328125 1151.216064453125
1615.0177001953125 583.8775024414062 1695.9271240234375 908.5771484375
1915.25390625 583.6841430664062 2086.0185546875 826.9637451171875
1011.96484375 574.3886108398438 1124.77978515625 829.2078247070312
911.0711059570312 570.59912109375 1036.6463623046875 795.1876220703125
1119.3778076171875 616.7290649414062 1195.18017578125 849.8506469726562
1156.152099609375 910.3104248046875 1268.2718505859375 1138.80419921875
1757.98876953125 613.9437255859375 1847.1412353515625 889.3773193359375
1635.7353515625 937.9571533203125 1767.6934814453125 1170.439697265625
846.01904296875 815.3290405273438 1020.3372192382812 1020.9922485351562
1073.8258056640625 890.0439453125 1204.490234375 1114.9417724609375
1546.2059326171875 642.2486572265625 1623.4654541015625 896.0779418945312
1386.249755859375 944.74169921875 1458.856201171875 1138.728515625
1299.394287109375 938.7255859375 1400.2281494140625 1150.333984375
1558.2650146484375 948.1365356445312 1648.8006591796875 1204.6309814453125
1502.0057373046875 950.25244140625 1563.93896484375 1188.1982421875
1424.4439697265625 950.227783203125 1502.630859375 1145.4805908203125
