1019.3683471679688 828.42236328125 1173.258056640625 1075.898193359375
1668.662841796875 838.2449951171875 1771.622802734375 1091.81640625
2006.65185546875 495.1396484375 2130.266357421875 763.9140014648438
904.2807006835938 510.48516845703125 1029.115478515625 769.4520874023438
1615.1666259765625 498.36944580078125 1711.871826171875 827.761962890625
1879.6278076171875 519.4076538085938 2013.4091796875 789.7291259765625
1342.823974609375 556.0791625976562 1435.6475830078125 845.285888671875
1270.5810546875 551.6954345703125 1342.93798828125 832.9613037109375
1026.3978271484375 530.6820068359375 1112.4754638671875 791.8844604492188
1460.9781494140625 860.8197021484375 1522.681884765625 1035.43994140625
783.6473999023438 480.7679748535156 907.15234375 730.8265380859375
731.2914428710938 743.62841796875 952.7122192382812 986.224609375
893.1492309570312 789.1863403320312 1087.892822265625 1042.595458984375
1398.409912109375 861.125732421875 1461.9730224609375 1035.3148193359375
1850.16259765625 803.1870727539062 2036.763671875 1062.83740234375
1757.3194580078125 828.487060546875 1879.492919921875 1064.92431640625
1590.1192626953125 844.40673828125 1693.6337890625 1119.5933837890625
1437.40625 554.9202270507812 1536.963134765625 846.6189575195312
1240.88037109375 842.5513916015625 1334.669189453125 1104.3238525390625
664.4439697265625 468.8492126464844 794.4048461914062 708.8743286132812
1165.275634765625 837.0504760742188 1260.34423828125 1097.5167236328125
1107.1043701171875 542.2819213867188 1197.678466796875 801.1522827148438
1702.678955078125 543.4901733398438 1798.969970703125 815.8306884765625
1186.4378662109375 504.6135559082031 1270.3116455078125 822.3505859375
1520.66015625 851.4971923828125 1588.797607421875 1050.51318359375
1537.33837890625 559.0358276367188 1616.4964599609375 829.5262451171875
1793.875732421875 550.7435913085938 1880.01806640625 800.7011108398438
1332.9180908203125 853.6005859375 1399.264892578125 1053.657958984375
2131.832275390625 761.6373901367188 2354.65625 934.1744995117188
626.3720703125 726.6016845703125 793.2847290039062 896.566162109375
2125.03466796875 525.9407958984375 2245.2939453125 752.7069702148438
1997.03759765625 768.6559448242188 2218.20947265625 1000.7564697265625
