913.976318359375 442.2223815917969 1051.0657958984375 703.3543701171875
1152.695556640625 785.2546997070312 1240.157958984375 1012.4181518554688
898.9021606445312 721.4584350585938 1108.6513671875 954.08984375
1921.8768310546875 657.356201171875 2139.03466796875 895.9125366210938
2051.97216796875 599.78515625 2209.5927734375 812.0805053710938
1780.09912109375 715.346923828125 2009.7666015625 953.2080078125
1869.449462890625 395.10882568359375 2002.802978515625 680.9529418945312
1629.7060546875 425.09454345703125 1718.629638671875 749.2454223632812
685.2853393554688 616.4111938476562 853.1055908203125 826.084716796875
1344.374755859375 474.75030517578125 1446.69287109375 773.6900634765625
1698.87841796875 754.8086547851562 1868.244873046875 999.9046020507812
1555.5496826171875 792.6149291992188 1681.289306640625 1060.9482421875
1984.18701171875 369.71112060546875 2117.17041015625 629.2138061523438
1264.7432861328125 496.5343017578125 1345.49853515625 762.619140625
768.9369506835938 677.9381713867188 983.8207397460938 885.7185668945312
1447.797119140625 467.046630859375 1548.1033935546875 773.0740966796875
712.1410522460938 400.47100830078125 844.153564453125 588.6856079101562
1779.6348876953125 445.01788330078125 1887.603759765625 713.337158203125
1214.3270263671875 791.671630859375 1315.9490966796875 1040.0262451171875
1493.64599609375 799.1049194335938 1563.0081787109375 1017.4470825195312
803.0487060546875 418.0294494628906 922.6451416015625 651.1409301757812
1626.5933837890625 773.9425048828125 1768.82861328125 1027.9556884765625
1546.02587890625 485.5380554199219 1629.80810546875 757.2064819335938
1706.3782958984375 464.80914306640625 1805.356689453125 727.5226440429688
1107.1973876953125 483.0210876464844 1190.9981689453125 743.0750122070312
1184.367919921875 456.63897705078125 1266.281494140625 755.0995483398438
1039.945068359375 458.61669921875 1117.830810546875 730.2716674804688
1308.6595458984375 794.7130737304688 1378.5233154296875 1005.3792724609375
1052.066162109375 767.0320434570312 1178.040283203125 1001.64501953125
1372.1263427734375 791.9287109375 1431.4339599609375 997.7848510742188
1433.944580078125 798.2980346679688 1495.151123046875 1006.2147827148438
