1722.70703125 621.3013916015625 1808.1319580078125 867.766845703125
1010.072021484375 831.7012329101562 1168.6263427734375 1050.3350830078125
2007.942626953125 579.5516357421875 2144.057373046875 807.5200805664062
1580.138916015625 655.2503051757812 1651.595947265625 874.6824340820312
1959.4700927734375 828.8065795898438 2143.9267578125 1042.2783203125
1500.047119140625 635.5011596679688 1581.3544921875 883.5056762695312
785.4390258789062 575.7461547851562 890.0029296875 789.080078125
865.7683715820312 799.9319458007812 1038.96142578125 1014.9998168945312
1815.6771240234375 851.8296508789062 1999.35986328125 1081.340087890625
999.6956176757812 583.30126953125 1119.273681640625 817.5675659179688
1114.2408447265625 589.7425537109375 1200.2528076171875 832.210205078125
1796.8231201171875 605.6375732421875 1882.84619140625 846.4605102539062
1343.484375 643.5252685546875 1412.9515380859375 869.1273803710938
1737.2342529296875 877.8558349609375 1848.078369140625 1087.9566650390625
1186.7572021484375 593.6529541015625 1292.6341552734375 846.3422241210938
1665.0166015625 888.9002685546875 1746.0211181640625 1097.5511474609375
886.0698852539062 549.85009765625 1002.9013061523438 794.2321166992188
1258.087158203125 574.9539794921875 1344.86474609375 854.80810546875
1412.539306640625 640.475830078125 1494.802001953125 873.4168090820312
1877.5338134765625 584.0948486328125 2019.4976806640625 831.4733276367188
1597.54296875 888.5691528320312 1670.494384765625 1130.836669921875
1537.586181640625 896.7494506835938 1597.57861328125 1072.6162109375
1650.0223388671875 611.1085815429688 1734.4276123046875 874.7872924804688
1378.6246337890625 898.8182983398438 1434.912841796875 1078.929443359375
1136.645751953125 858.9344482421875 1243.2913818359375 1067.016845703125
1231.8143310546875 871.0078735351562 1315.2928466796875 1076.9849853515625
1299.775146484375 877.2070922851562 1380.8433837890625 1124.4796142578125
2139.51806640625 608.1843872070312 2264.53125 816.8972778320312
1434.4217529296875 901.8989868164062 1486.799072265625 1076.8001708984375
1486.704833984375 900.0643920898438 1536.67578125 1069.500732421875
