945.4575805664062 832.57861328125 1147.1031494140625 1103.5050048828125
1342.1552734375 528.0755615234375 1436.7381591796875 832.6795043945312
1767.4610595703125 819.7793579101562 1999.6754150390625 1085.8294677734375
1273.698974609375 537.9310302734375 1342.4627685546875 822.920166015625
911.8636474609375 521.2872314453125 1039.603271484375 784.8442993164062
1843.2894287109375 505.311279296875 1984.9478759765625 771.9615478515625
826.1431884765625 773.4071044921875 1021.1776733398438 1007.9981689453125
1555.4425048828125 847.9000244140625 1641.54052734375 1110.1922607421875
755.9095458984375 393.794189453125 898.2017822265625 614.7803955078125
1907.0162353515625 777.4595947265625 2124.480224609375 1029.67138671875
2079.96826171875 779.773681640625 2285.616455078125 924.717529296875
1760.4725341796875 531.09423828125 1848.57763671875 786.4039306640625
1984.5150146484375 441.6759948730469 2169.10888671875 628.5468139648438
1970.045654296875 496.44586181640625 2105.140380859375 735.7366333007812
1435.460205078125 518.2070922851562 1532.310791015625 826.5125122070312
1678.080810546875 524.4237060546875 1765.281005859375 795.45361328125
810.0394287109375 507.198486328125 948.7525634765625 741.5848999023438
1701.8387451171875 845.8471069335938 1797.1785888671875 1076.3060302734375
669.9993896484375 779.181396484375 870.7285766601562 934.6964111328125
1114.923095703125 541.3787231445312 1203.5152587890625 816.721923828125
1192.603759765625 514.5607299804688 1273.155029296875 826.7650146484375
1039.76220703125 539.2586669921875 1118.5550537109375 801.3087158203125
1602.04296875 486.4467468261719 1688.3905029296875 826.0543823242188
1296.146240234375 856.9356689453125 1368.280517578125 1135.5247802734375
1123.501953125 862.7994995117188 1232.9193115234375 1104.9149169921875
1533.1741943359375 536.5778198242188 1604.08984375 811.9393310546875
1365.68359375 863.2915649414062 1425.0096435546875 1071.279052734375
1464.6949462890625 852.990234375 1526.2484130859375 1049.225341796875
1227.1156005859375 866.5322265625 1300.052978515625 1122.47021484375
1420.54833984375 857.1380615234375 1470.9361572265625 1053.037841796875
1507.6759033203125 853.3084716796875 1579.6502685546875 1052.0618896484375
1632.8179931640625 855.677001953125 1722.997802734375 1098.7333984375
