2089.541259765625 721.5836791992188 2256.197509765625 918.897216796875
713.6787719726562 706.4300537109375 852.3181762695312 912.2525024414062
1057.570556640625 520.8343505859375 1147.6094970703125 781.7025146484375
1872.557861328125 514.867431640625 2017.1846923828125 774.2263793945312
1299.89892578125 544.230224609375 1375.942626953125 815.1283569335938
1995.5545654296875 469.25543212890625 2140.999267578125 740.44091796875
935.867919921875 514.1909790039062 1071.36181640625 762.0502319335938
817.8657836914062 478.841552734375 953.0695190429688 730.3870849609375
810.0109252929688 745.71337890625 993.0662841796875 983.94970703125
1073.9820556640625 821.3905639648438 1207.6956787109375 1071.4754638671875
1461.864501953125 543.108642578125 1553.5972900390625 830.5763549804688
1265.441650390625 824.8626708984375 1352.30078125 1108.67724609375
1615.255859375 823.5949096679688 1755.12646484375 1105.038818359375
1795.451171875 538.9584350585938 1893.2606201171875 799.9656982421875
2080.185546875 455.1939697265625 2253.184326171875 700.96923828125
937.1175537109375 788.384765625 1131.289306640625 1046.735595703125
1374.482177734375 542.85546875 1461.0902099609375 830.0820922851562
1561.0535888671875 838.8648071289062 1659.40966796875 1116.7767333984375
1397.572021484375 845.7064819335938 1474.7911376953125 1046.160888671875
1946.72314453125 758.499267578125 2157.05859375 1001.8074951171875
1453.2459716796875 847.6251220703125 1517.58935546875 1046.677734375
1698.3411865234375 829.1072387695312 1850.8851318359375 1093.9691162109375
1170.2427978515625 832.6719360351562 1278.2252197265625 1075.5389404296875
1794.392822265625 803.3711547851562 2011.242919921875 1071.7039794921875
1551.8238525390625 549.0511474609375 1628.55517578125 818.9791870117188
1623.696533203125 493.419921875 1712.8701171875 832.7531127929688
1704.103271484375 545.0559692382812 1803.6063232421875 819.8187866210938
1136.83251953125 523.6091918945312 1229.14013671875 796.8687133789062
1223.469482421875 498.05181884765625 1300.3052978515625 810.2471313476562
1505.4732666015625 834.699951171875 1574.4974365234375 1059.2899169921875
1348.6121826171875 832.653564453125 1422.3035888671875 1057.5157470703125
739.9775390625 457.5398254394531 870.914794921875 681.670654296875
