896.863525390625 602.161865234375 1002.9879760742188 838.0208129882812
1856.8231201171875 644.1619873046875 1970.5738525390625 859.4720458984375
1003.2637939453125 637.7572631835938 1118.23876953125 860.65185546875
796.5414428710938 610.2811889648438 906.6676635742188 806.4495239257812
1746.83642578125 907.6348266601562 1925.9774169921875 1125.53271484375
1109.2220458984375 623.029052734375 1184.392333984375 876.3626708984375
1612.396728515625 943.3232421875 1704.0516357421875 1172.039306640625
1965.9517822265625 600.4445190429688 2080.26953125 837.8601684570312
1875.880615234375 881.9496459960938 2059.04150390625 1083.30615234375
900.693359375 882.47900390625 1073.6380615234375 1085.9783935546875
1999.2276611328125 856.6611938476562 2204.3779296875 986.6053466796875
1681.2584228515625 930.945556640625 1792.8856201171875 1156.4317626953125
2070.430419921875 593.1339111328125 2184.2294921875 813.2406005859375
1467.0213623046875 644.4259033203125 1557.0543212890625 909.2612915039062
1175.3297119140625 628.7916259765625 1255.9205322265625 886.3989868164062
1384.5377197265625 644.5870971679688 1468.309326171875 902.8768920898438
1554.515625 941.7133178710938 1622.8026123046875 1195.400634765625
1781.3348388671875 638.1925048828125 1862.696044921875 878.5662841796875
1366.1905517578125 942.0404663085938 1415.9061279296875 1148.2222900390625
1242.8203125 619.0411376953125 1322.9752197265625 884.0262451171875
1556.12646484375 641.6053466796875 1631.7469482421875 894.310302734375
1223.9559326171875 939.6731567382812 1312.97314453125 1161.6243896484375
1320.9656982421875 643.9158325195312 1388.4765625 887.2013549804688
1502.288818359375 939.5733642578125 1558.5286865234375 1140.097412109375
1144.3941650390625 931.409912109375 1251.28369140625 1148.3349609375
1022.3997192382812 907.047119140625 1195.8583984375 1114.05419921875
1702.8377685546875 647.116943359375 1788.2967529296875 885.054931640625
1628.051025390625 619.2776489257812 1710.399658203125 888.854736328125
1300.1993408203125 940.6636352539062 1371.15625 1163.2130126953125
1456.638916015625 938.1703491210938 1508.0245361328125 1140.61328125
809.2316284179688 838.6696166992188 958.5314331054688 1030.316162109375
1410.6192626953125 939.2659301757812 1458.6810302734375 1136.2327880859375
