1946.8511962890625 583.1417236328125 2074.5029296875 836.5421752929688
2044.4654541015625 787.9859008789062 2275.05126953125 961.0470581054688
1442.9039306640625 915.2374877929688 1515.7261962890625 1080.9881591796875
1054.0850830078125 619.5386962890625 1126.1824951171875 852.2245483398438
725.0728759765625 604.9900512695312 840.6602783203125 794.9186401367188
2061.57177734375 569.945556640625 2191.73095703125 802.8780517578125
946.0794677734375 609.3344116210938 1058.72412109375 834.96728515625
1121.0994873046875 635.4280395507812 1200.661376953125 868.0711059570312
1144.1356201171875 880.9404907226562 1251.5794677734375 1082.93359375
1829.7020263671875 623.9625244140625 1951.809326171875 869.2666015625
940.6223754882812 838.4414672851562 1113.052978515625 1047.2642822265625
833.9428100585938 617.2355346679688 945.2777709960938 832.7274780273438
1192.7493896484375 897.7020263671875 1324.5728759765625 1122.287353515625
1431.01806640625 620.9067993164062 1519.1376953125 896.5504760742188
1047.1611328125 869.6609497070312 1182.067138671875 1062.9501953125
1670.806884765625 638.5369873046875 1759.4486083984375 876.4830932617188
1750.8934326171875 645.8487548828125 1831.415283203125 868.746826171875
1587.845458984375 904.1951293945312 1678.328369140625 1133.408447265625
1274.672607421875 659.1200561523438 1343.313232421875 891.1487426757812
1195.260986328125 602.2891845703125 1275.56640625 883.52587890625
1515.80810546875 636.2296752929688 1587.0484619140625 878.5203857421875
1301.0755615234375 909.7255249023438 1392.3048095703125 1074.6728515625
1342.064208984375 629.0443115234375 1431.5181884765625 897.44580078125
1582.461669921875 574.9608154296875 1687.0526123046875 880.3395385742188
1518.36767578125 905.6509399414062 1587.55029296875 1082.8792724609375
1914.2393798828125 848.8353881835938 2152.57080078125 1046.1954345703125
1362.973876953125 915.3038940429688 1453.1260986328125 1081.6297607421875
1748.5728759765625 889.4564819335938 1852.233642578125 1087.5926513671875
1663.923583984375 897.3517456054688 1760.552734375 1115.4058837890625
