1857.017333984375 545.1174926757812 1982.8504638671875 771.2572021484375
1180.7408447265625 810.6908569335938 1249.0673828125 1040.2130126953125
1344.4873046875 524.633544921875 1441.304931640625 789.0897216796875
945.03515625 534.5509643554688 1054.8287353515625 771.4132690429688
1246.4549560546875 811.040283203125 1316.62939453125 1090.5084228515625
1446.1348876953125 513.4107055664062 1529.623291015625 787.59228515625
802.3705444335938 764.1752319335938 986.279541015625 991.813720703125
1711.5850830078125 810.5473022460938 1812.0579833984375 1056.194580078125
960.1018676757812 803.0193481445312 1108.220458984375 1025.4071044921875
1054.6123046875 533.3278198242188 1126.1466064453125 778.0399169921875
1699.771484375 530.443603515625 1786.501953125 784.8523559570312
1611.8118896484375 485.84527587890625 1704.689453125 785.1947021484375
1494.1854248046875 813.661865234375 1558.6033935546875 1037.339111328125
833.5066528320312 502.4903259277344 946.1192016601562 750.0598754882812
1099.4278564453125 803.1652221679688 1181.15283203125 1037.60400390625
1194.75537109375 505.8142395019531 1277.9296875 784.4173583984375
1636.7916259765625 817.5385131835938 1718.742919921875 1057.507080078125
1779.32275390625 546.7134399414062 1863.9520263671875 784.15234375
1555.548828125 809.2661743164062 1636.278076171875 1094.974365234375
1277.5206298828125 535.7037353515625 1350.994873046875 784.9932250976562
1789.969482421875 793.8101806640625 1981.5670166015625 1043.0841064453125
1123.0435791015625 531.3848876953125 1200.911376953125 785.9893798828125
1315.1556396484375 814.2986450195312 1377.137939453125 1040.2322998046875
1525.5220947265625 526.8748168945312 1600.146728515625 782.2847900390625
1375.6488037109375 820.3380737304688 1443.2080078125 1027.76171875
1944.6649169921875 753.6219482421875 2161.4599609375 965.8452758789062
1439.5421142578125 825.6068725585938 1496.0240478515625 1022.9384765625
