1971.6864013671875 408.0643005371094 2094.958984375 671.77392578125
1855.5501708984375 426.5943908691406 1984.90283203125 708.4380493164062
1578.505859375 493.47283935546875 1649.8321533203125 763.6409912109375
704.0219116210938 698.4940795898438 893.3477783203125 895.2425537109375
1735.920166015625 782.8248901367188 1903.2315673828125 1045.1353759765625
1661.80517578125 793.6053466796875 1798.62890625 1060.567626953125
1430.9442138671875 811.1913452148438 1493.7724609375 1039.3687744140625
1950.8524169921875 682.4992065429688 2187.55712890625 931.1463012695312
1012.9078369140625 748.1697387695312 1176.907958984375 1013.0590209960938
1807.333251953125 729.5343627929688 2038.5087890625 1000.0014038085938
930.7958374023438 459.0223693847656 1057.218017578125 711.7635498046875
1714.9031982421875 462.84637451171875 1804.4146728515625 768.783935546875
1407.1083984375 474.19232177734375 1497.8253173828125 773.2072143554688
853.8943481445312 724.3507080078125 1039.3094482421875 971.0650024414062
1645.8016357421875 439.35272216796875 1731.1353759765625 770.9797973632812
1590.687255859375 807.409423828125 1720.1448974609375 1086.456298828125
2110.118896484375 642.0783081054688 2285.74462890625 835.4234619140625
1280.3653564453125 810.8748168945312 1382.491943359375 1089.2838134765625
1496.88427734375 468.5107727050781 1583.0572509765625 779.9283447265625
2068.843017578125 406.1208190917969 2196.43896484375 632.3902587890625
1536.957275390625 811.7821655273438 1600.906005859375 1052.968994140625
1783.539794921875 454.93292236328125 1872.644287109375 745.9180908203125
1140.720458984375 788.9456787109375 1246.9344482421875 1047.3172607421875
1205.7196044921875 807.9608764648438 1316.3900146484375 1051.3189697265625
1330.01513671875 490.2173767089844 1409.5177001953125 775.1439819335938
1374.1241455078125 804.9551391601562 1440.399658203125 1058.28125
1047.6619873046875 500.2644348144531 1157.0537109375 655.3870849609375
1479.085205078125 819.993896484375 1550.16064453125 1045.6568603515625
1249.67578125 446.0318603515625 1342.9437255859375 760.5861206054688
1171.5252685546875 451.7768249511719 1268.119873046875 747.850341796875
