2086.734619140625 599.2673950195312 2263.650390625 810.6866455078125
646.6671142578125 615.2931518554688 850.2816772460938 792.5654296875
1894.9088134765625 387.290283203125 2022.3414306640625 654.7782592773438
1282.255615234375 360.58441162109375 1364.063720703125 640.0990600585938
844.1820678710938 660.4454956054688 982.3737182617188 902.8068237304688
1961.1953125 651.2942504882812 2116.76025390625 929.3296508789062
961.4205932617188 669.6087036132812 1124.5859375 924.2036743164062
1795.3604736328125 388.9820251464844 1893.947021484375 657.7634887695312
1362.77880859375 344.1976318359375 1450.434814453125 644.4029541015625
767.8212280273438 391.85260009765625 901.6162719726562 641.7991943359375
667.6422119140625 354.15960693359375 823.7003173828125 559.9137573242188
1099.490234375 673.2754516601562 1199.44189453125 934.3223876953125
1463.2879638671875 668.3886108398438 1520.197021484375 887.1435546875
1268.0496826171875 645.310302734375 1353.76123046875 948.6314697265625
899.1292114257812 392.30609130859375 1031.9332275390625 653.6940307617188
1450.3665771484375 332.4855651855469 1542.165283203125 646.2913208007812
1588.4932861328125 654.055419921875 1667.3956298828125 965.9178466796875
1110.7618408203125 382.2254638671875 1210.9708251953125 666.4310302734375
1734.1085205078125 671.4278564453125 1861.8936767578125 933.55029296875
1711.5665283203125 395.6151428222656 1806.9375 664.0187377929688
1184.02734375 309.60626220703125 1282.6422119140625 652.0632934570312
1541.0546875 356.0912780761719 1626.6197509765625 641.71826171875
1630.3291015625 322.1742248535156 1729.946533203125 652.7830200195312
1828.239501953125 666.76123046875 2001.4022216796875 922.155517578125
1347.2347412109375 656.295166015625 1418.8634033203125 894.9903564453125
1027.8345947265625 395.3995056152344 1128.5606689453125 659.1700439453125
1409.56396484375 664.3005981445312 1465.7584228515625 881.1334838867188
1660.695556640625 661.6077270507812 1758.5830078125 918.7669067382812
2019.08447265625 378.0553894042969 2143.74365234375 642.2335815429688
1516.7989501953125 662.396728515625 1585.701171875 919.8359375
1185.993896484375 664.9869995117188 1275.5938720703125 912.6520385742188
