848.4649658203125 489.6651916503906 960.7493286132812 740.56298828125
2094.042236328125 779.0498046875 2223.04931640625 938.4896240234375
829.8316040039062 750.3828735351562 1014.4696044921875 995.0033569335938
1723.27587890625 528.7194213867188 1821.056396484375 809.4466552734375
1805.3299560546875 520.3778686523438 1893.813720703125 799.106201171875
1948.9627685546875 771.20458984375 2126.752685546875 1023.01171875
1481.501220703125 555.9100952148438 1565.66748046875 832.0523681640625
1577.33935546875 840.08349609375 1653.3031005859375 1149.52099609375
1397.81103515625 540.83544921875 1481.767822265625 826.8768920898438
728.2533569335938 754.85888671875 863.7352294921875 893.728759765625
1730.0626220703125 828.8828125 1826.8851318359375 1117.153564453125
1209.7945556640625 822.1793823242188 1298.3341064453125 1079.095458984375
793.03173828125 493.284423828125 885.150634765625 620.4115600585938
1889.986083984375 527.7219848632812 2019.095947265625 780.9926147460938
1642.1766357421875 497.7574768066406 1732.3551025390625 833.663330078125
1071.967529296875 511.5441589355469 1153.978759765625 785.4488525390625
2012.0306396484375 504.21600341796875 2135.42578125 761.042236328125
1559.6451416015625 567.4645385742188 1636.077392578125 821.5353393554688
1809.1011962890625 804.7689208984375 2002.0621337890625 1094.6456298828125
967.64013671875 795.90576171875 1139.5704345703125 1050.767822265625
949.7376098632812 516.8360595703125 1077.7452392578125 770.4781494140625
1293.4609375 832.0636596679688 1365.335693359375 1110.437255859375
1647.3135986328125 833.8497314453125 1736.6619873046875 1121.323974609375
1366.2537841796875 851.9807739257812 1428.6009521484375 1084.2283935546875
1125.82763671875 818.7409057617188 1211.2177734375 1072.7271728515625
1149.327880859375 512.947998046875 1236.528076171875 798.2847290039062
1232.554931640625 477.11981201171875 1319.49951171875 818.5573120117188
1321.8177490234375 555.6867065429688 1399.711181640625 817.7305297851562
1500.4906005859375 860.190185546875 1581.1551513671875 1084.10107421875
1417.9903564453125 860.4291381835938 1475.0228271484375 1070.402099609375
1462.183837890625 862.22021484375 1526.616943359375 1072.156982421875
