2127.173828125 762.8701782226562 2331.078857421875 918.4087524414062
1168.010498046875 560.3888549804688 1254.15966796875 833.4314575195312
1672.053466796875 851.508544921875 1801.5130615234375 1101.498046875
697.3812255859375 778.6077880859375 882.5856323242188 956.521240234375
1374.56591796875 550.0485229492188 1461.2698974609375 845.0736083984375
1588.5650634765625 861.4581909179688 1713.0052490234375 1142.951416015625
974.0083618164062 867.087158203125 1154.2750244140625 1103.6009521484375
984.5188598632812 544.5579833984375 1104.098876953125 809.8408203125
1822.653564453125 810.1937866210938 2055.244384765625 1065.9442138671875
1745.7275390625 837.6658325195312 1903.457275390625 1090.63525390625
1458.029541015625 556.4597778320312 1550.02294921875 838.7100219726562
824.0272827148438 849.0361938476562 1017.3948974609375 1067.581787109375
1736.8905029296875 511.58807373046875 1831.931396484375 785.5300903320312
1299.767578125 559.6798706054688 1379.4952392578125 834.6823120117188
1095.87939453125 532.1351318359375 1176.83837890625 824.7047729492188
1537.0675048828125 902.3074951171875 1610.0135498046875 1116.4732666015625
1229.93017578125 511.33984375 1312.0457763671875 831.2918701171875
873.0748291015625 536.9308471679688 1007.4236450195312 798.625
1275.0582275390625 875.420654296875 1353.0908203125 1148.7169189453125
1479.311279296875 884.0300903320312 1538.3922119140625 1103.57275390625
1349.3995361328125 878.737548828125 1418.3607177734375 1114.957275390625
1415.4019775390625 878.9950561523438 1482.246826171875 1114.60791015625
1660.7320556640625 518.172119140625 1750.825439453125 793.7377319335938
1195.2247314453125 886.6500244140625 1273.61962890625 1134.790283203125
1523.881591796875 551.3071899414062 1617.9898681640625 831.8909912109375
1812.7896728515625 505.4659729003906 1938.645751953125 773.1660766601562
1098.7777099609375 887.588623046875 1217.3778076171875 1128.82275390625
1927.18603515625 516.8869018554688 2068.9736328125 768.3656616210938
1591.3018798828125 517.2796020507812 1671.7672119140625 808.04736328125
2013.2921142578125 486.8082580566406 2151.74609375 738.5641479492188
