1464.352783203125 529.7271728515625 1555.1180419921875 843.7615966796875
917.7412109375 499.5156555175781 1048.809814453125 773.3912963867188
641.9674072265625 675.5667114257812 852.918212890625 890.7285766601562
1339.3189697265625 862.7461547851562 1403.6781005859375 1068.5562744140625
1898.1102294921875 514.3008422851562 2031.7972412109375 792.6951904296875
1300.7442626953125 535.41162109375 1379.2822265625 827.5861206054688
1808.4287109375 812.8758544921875 2026.8348388671875 1057.3873291015625
799.7128295898438 477.45001220703125 929.8991088867188 732.1857299804688
1576.158203125 857.522705078125 1652.246337890625 1122.0408935546875
2023.672119140625 490.7820739746094 2160.6943359375 754.4611206054688
2118.66064453125 445.13641357421875 2262.7109375 673.5493774414062
1959.3443603515625 777.42236328125 2145.387451171875 1021.2169799804688
1041.50830078125 528.62841796875 1132.0574951171875 800.1319580078125
1376.3983154296875 533.3086547851562 1467.03466796875 842.4427490234375
1455.447509765625 870.4356079101562 1513.6585693359375 1063.5670166015625
1511.13330078125 868.7885131835938 1574.4979248046875 1075.497314453125
1644.4649658203125 852.3474731445312 1739.370849609375 1084.6431884765625
1814.0858154296875 534.8563842773438 1910.582763671875 813.7830200195312
1712.1109619140625 845.6071166992188 1853.95751953125 1074.4197998046875
1122.5174560546875 539.84033203125 1218.5216064453125 809.31591796875
1077.5147705078125 830.187744140625 1197.13232421875 1073.900146484375
784.5535278320312 751.9854125976562 985.2136840820312 983.6013793945312
1637.5411376953125 470.962158203125 1728.604736328125 825.5574340820312
913.46142578125 788.61767578125 1113.6815185546875 1039.8232421875
702.379638671875 448.6669006347656 848.6389770507812 677.4352416992188
1207.0198974609375 485.4100646972656 1300.16748046875 815.33740234375
1392.7315673828125 873.02001953125 1458.790283203125 1070.5736083984375
1182.8128662109375 837.6069946289062 1269.9521484375 1074.4849853515625
1551.0655517578125 548.2591552734375 1638.2786865234375 825.3836669921875
1253.5650634765625 846.0225219726562 1342.8153076171875 1117.118896484375
2108.72607421875 728.6835327148438 2329.551513671875 886.9116821289062
1720.857666015625 532.5501708984375 1824.213134765625 824.1422729492188
