2116.553955078125 629.5260620117188 2314.51171875 854.4798583984375
2034.07275390625 396.2796325683594 2167.381591796875 662.1179809570312
1971.46484375 687.4962768554688 2163.565185546875 940.1366577148438
2128.577392578125 385.4237976074219 2274.728271484375 610.05712890625
799.1453247070312 420.1010437011719 919.8397216796875 674.3042602539062
1453.528076171875 434.6571960449219 1556.6768798828125 743.3455200195312
1033.2550048828125 458.143310546875 1110.3582763671875 719.0556640625
1731.93505859375 748.305419921875 1860.22314453125 1006.1677856445312
1903.9666748046875 418.83837890625 2043.3121337890625 700.3436279296875
1247.84228515625 779.9144897460938 1323.5126953125 1036.5833740234375
918.9449462890625 449.6584167480469 1036.4815673828125 704.6508178710938
1510.447998046875 760.8172607421875 1584.868408203125 1015.9708862304688
1822.8656005859375 729.04248046875 2049.9140625 990.9591674804688
1816.19189453125 426.6141357421875 1910.8583984375 720.37158203125
1355.4671630859375 442.1748046875 1452.03466796875 745.698486328125
1172.037353515625 773.5400390625 1251.7899169921875 1012.5834350585938
1107.420654296875 455.6169128417969 1194.087646484375 732.9617309570312
1654.8021240234375 750.7169189453125 1745.8551025390625 1003.2877197265625
1585.8260498046875 755.763671875 1665.1654052734375 1034.6341552734375
1447.0211181640625 770.1881713867188 1508.68798828125 997.216064453125
822.7067260742188 701.9129028320312 972.9564208984375 942.01513671875
1279.25390625 462.1341857910156 1356.83349609375 734.2493286132812
1642.46533203125 386.8597412109375 1737.3297119140625 727.3737182617188
1382.452392578125 775.2185668945312 1448.9349365234375 994.2328491210938
936.479736328125 735.4903564453125 1098.8800048828125 972.90576171875
1557.518310546875 427.6092834472656 1641.9239501953125 724.9622192382812
1180.5699462890625 399.6783447265625 1276.5718994140625 735.5555419921875
1070.342529296875 761.4931030273438 1181.6329345703125 1003.7918090820312
1725.3544921875 402.3762512207031 1826.3778076171875 726.143798828125
1314.3436279296875 773.830078125 1384.5411376953125 997.3538818359375
