1940.54931640625 735.1858520507812 2092.89599609375 957.26025390625
1265.572021484375 527.8245849609375 1339.494384765625 784.3003540039062
1432.0341796875 526.55029296875 1527.1031494140625 804.8507080078125
1992.747314453125 404.3122253417969 2120.802001953125 698.1853637695312
1008.37158203125 462.9441223144531 1098.513427734375 733.76171875
1565.3619384765625 831.930419921875 1684.1519775390625 1089.591552734375
1719.2564697265625 792.9911499023438 1846.65380859375 1006.9324951171875
882.6866455078125 442.0749206542969 1014.7964477539062 707.346435546875
1804.3746337890625 756.1063842773438 2010.00732421875 991.9139404296875
757.5862426757812 425.3780517578125 890.1682739257812 676.6624145507812
1147.4017333984375 819.0698852539062 1268.584228515625 1059.531005859375
1449.7225341796875 841.476318359375 1507.8338623046875 1008.3936157226562
2077.81201171875 749.7568359375 2256.9287109375 891.1941528320312
1872.384033203125 450.71929931640625 2000.8870849609375 726.3165283203125
1226.80078125 839.4387817382812 1345.0269775390625 1071.1339111328125
1527.1541748046875 536.9235229492188 1608.462646484375 792.5171508789062
1629.9171142578125 805.068115234375 1766.921875 1031.8277587890625
1605.4990234375 483.0037536621094 1704.93798828125 780.6822509765625
1085.90771484375 510.4412841796875 1180.7626953125 760.4932250976562
1783.024169921875 486.2442626953125 1879.885498046875 753.4852294921875
1337.3497314453125 853.8929443359375 1400.697021484375 1044.3765869140625
1337.2984619140625 508.798828125 1429.75390625 808.6561279296875
1398.45263671875 846.7427978515625 1455.6754150390625 1016.70068359375
796.3583374023438 735.5855102539062 981.0698852539062 960.7763061523438
1169.6058349609375 483.79962158203125 1265.4859619140625 768.9981079101562
923.9873046875 755.1048583984375 1120.64404296875 1004.13916015625
1694.1759033203125 509.7039794921875 1790.05322265625 765.064453125
1060.746826171875 798.170166015625 1197.163818359375 1046.251953125
1503.9134521484375 842.6062622070312 1569.3681640625 1019.5196533203125
2081.125244140625 451.7330322265625 2225.18994140625 648.8461303710938
640.7113037109375 403.345458984375 807.908203125 634.0631713867188
