900.7048950195312 510.71368408203125 1032.15625 768.7239379882812
833.2738647460938 818.8421630859375 1065.944091796875 1002.693359375
1132.0421142578125 568.8687744140625 1216.6463623046875 835.927734375
1675.94091796875 854.09716796875 1816.097900390625 1073.286376953125
1010.9308471679688 564.6895141601562 1156.161376953125 815.8466186523438
1599.5357666015625 875.9716186523438 1730.93359375 1106.143798828125
1049.754150390625 870.6195678710938 1154.9942626953125 1094.42626953125
1486.627197265625 589.66650390625 1571.761962890625 867.2372436523438
1526.155517578125 890.2417602539062 1650.0169677734375 1135.917724609375
1847.507080078125 784.4644165039062 2057.713623046875 988.094970703125
1848.1468505859375 561.8801879882812 1955.70556640625 787.2283325195312
1201.0968017578125 567.7802124023438 1288.294677734375 846.7964477539062
1262.7838134765625 549.1964111328125 1346.69580078125 850.15771484375
1565.651123046875 610.7792358398438 1637.0667724609375 856.674072265625
1209.7100830078125 897.6199340820312 1305.22314453125 1139.4635009765625
1633.8785400390625 564.7501220703125 1712.6146240234375 843.0330810546875
1944.7735595703125 534.1434936523438 2038.386474609375 748.1051025390625
1300.1002197265625 903.3668823242188 1360.8878173828125 1106.8594970703125
1463.24609375 904.2650146484375 1544.163330078125 1098.643310546875
1356.8365478515625 908.2957763671875 1423.8209228515625 1094.3834228515625
1409.7508544921875 909.6481323242188 1477.7403564453125 1085.1875
1343.8875732421875 599.5399169921875 1410.90283203125 861.0262451171875
1406.4884033203125 580.9050903320312 1491.3455810546875 867.7191772460938
1708.8929443359375 568.6543579101562 1787.9178466796875 823.356689453125
1779.5599365234375 557.5958251953125 1862.204345703125 808.6607055664062
1150.396728515625 883.8187255859375 1235.142578125 1102.50830078125
