851.0934448242188 829.5770874023438 1051.138916015625 1053.674560546875
892.2636108398438 564.5021362304688 1006.348876953125 814.2214965820312
2034.5576171875 743.667724609375 2203.8740234375 958.3968505859375
787.3726806640625 542.13427734375 912.2368774414062 767.7627563476562
773.6952514648438 772.7349243164062 933.8030395507812 985.54541015625
1566.0177001953125 900.7410888671875 1678.0574951171875 1161.074951171875
1375.970458984375 614.4315185546875 1456.9644775390625 879.337646484375
1897.2637939453125 798.1339721679688 2124.040771484375 1031.0848388671875
1920.102783203125 546.5468139648438 2041.5655517578125 805.0906982421875
966.4617309570312 867.9613647460938 1174.43798828125 1125.7904052734375
1772.8707275390625 848.3099365234375 2005.4410400390625 1119.1612548828125
1310.751953125 635.1671752929688 1379.5657958984375 871.41650390625
1099.59912109375 896.6409301757812 1243.407470703125 1146.1368408203125
1455.539306640625 613.7670288085938 1535.822509765625 868.431640625
1735.1485595703125 580.5233764648438 1813.08251953125 838.7398071289062
1805.032470703125 569.2225341796875 1934.4149169921875 820.5499267578125
1278.6898193359375 909.2900390625 1371.9100341796875 1155.4420166015625
1514.600830078125 900.7784423828125 1573.674560546875 1105.9840087890625
1461.36767578125 903.0484619140625 1516.2132568359375 1096.431396484375
1000.4078369140625 584.960205078125 1124.712158203125 833.7872314453125
1369.6815185546875 910.1130981445312 1420.359130859375 1099.544677734375
1661.9208984375 580.1472778320312 1741.506591796875 847.7215576171875
1707.5367431640625 875.495849609375 1860.768798828125 1126.64794921875
1637.0614013671875 887.5346069335938 1758.9859619140625 1138.8106689453125
1534.4808349609375 643.3447875976562 1595.372802734375 858.9647216796875
1234.3475341796875 579.3161010742188 1314.1558837890625 874.19677734375
1590.1513671875 525.9061279296875 1673.2763671875 868.8828125
1417.08349609375 905.6881103515625 1464.9481201171875 1088.38671875
1156.5367431640625 608.9207763671875 1237.869384765625 866.4213256835938
1206.23779296875 901.60400390625 1310.4293212890625 1141.917236328125
1383.4439697265625 909.6781616210938 1433.3131103515625 1098.121826171875
