782.7681274414062 781.5914916992188 1007.40673828125 982.9680786132812
1284.2193603515625 566.0424194335938 1352.621337890625 823.8246459960938
1928.0556640625 782.22509765625 2115.560546875 1000.7791137695312
722.5578002929688 734.1921997070312 883.6600341796875 936.5530395507812
1247.5128173828125 852.2788696289062 1327.948974609375 1113.274169921875
1844.9766845703125 547.1070556640625 1993.1224365234375 804.5314331054688
1205.4290771484375 495.45343017578125 1286.3424072265625 834.7958984375
1792.5474853515625 820.5261840820312 1980.96826171875 1055.7662353515625
1497.92919921875 853.7311401367188 1559.73779296875 1060.539306640625
1683.2130126953125 559.4454345703125 1777.0914306640625 829.625244140625
1344.6474609375 552.3308715820312 1442.7919921875 831.0453491210938
1556.374267578125 850.7642211914062 1640.938232421875 1122.7122802734375
1696.4910888671875 832.9524536132812 1829.337158203125 1063.46826171875
1618.244384765625 842.0679321289062 1737.8438720703125 1082.1888427734375
1166.856201171875 839.7493286132812 1264.67578125 1076.945556640625
1095.6192626953125 821.115234375 1199.7137451171875 1067.724365234375
811.2152709960938 533.5108642578125 947.7232666015625 781.3289794921875
1383.3448486328125 861.7057495117188 1440.0277099609375 1060.9049072265625
938.8359375 550.3174438476562 1064.6226806640625 798.3876342773438
1536.317626953125 571.994384765625 1609.9122314453125 823.8834228515625
1055.862060546875 709.241943359375 1143.09228515625 807.52880859375
1444.236572265625 547.3947143554688 1537.4217529296875 831.9202270507812
1135.23291015625 711.7631225585938 1211.57861328125 814.379638671875
1325.647216796875 857.3118896484375 1386.4940185546875 1068.8543701171875
1608.4227294921875 539.3606567382812 1692.879150390625 831.5743408203125
1981.193115234375 685.1065673828125 2096.803466796875 779.8036499023438
1439.3319091796875 853.3842163085938 1500.75048828125 1058.7783203125
1769.614501953125 682.8391723632812 1860.3106689453125 812.880859375
1769.1031494140625 579.6973876953125 1862.3544921875 812.3641967773438
