1425.7659912109375 568.9945068359375 1517.7529296875 832.0038452148438
1807.594482421875 768.8650512695312 2030.3184814453125 1015.3222045898438
910.2245483398438 773.5747680664062 1096.813720703125 1010.5166625976562
1936.676513671875 716.8096313476562 2145.115966796875 952.7666625976562
1551.4732666015625 840.1892700195312 1690.4447021484375 1097.9599609375
1255.558349609375 571.440673828125 1322.443359375 819.4970703125
2083.882568359375 688.9495849609375 2268.74853515625 912.1618041992188
1036.6834716796875 537.6021118164062 1111.442626953125 779.3118286132812
1839.932373046875 475.7433776855469 1985.7867431640625 741.979248046875
1511.244873046875 543.9661865234375 1599.4459228515625 817.9201049804688
1720.7301025390625 809.7412109375 1884.2994384765625 1033.195068359375
1127.9267578125 833.9545288085938 1236.312255859375 1057.1663818359375
1488.0494384765625 846.92431640625 1551.3734130859375 1048.5611572265625
925.5352172851562 528.9821166992188 1042.8062744140625 757.4036865234375
819.3937377929688 733.3151245117188 970.5932006835938 962.702880859375
1766.213623046875 527.504150390625 1863.6385498046875 767.7786254882812
1106.37158203125 542.7228393554688 1183.53076171875 801.653076171875
1054.9156494140625 810.1539306640625 1166.2615966796875 1028.6324462890625
1592.011474609375 511.74407958984375 1693.1339111328125 808.1734619140625
1223.07763671875 835.9596557617188 1315.6572265625 1086.8192138671875
1923.691650390625 438.770263671875 2100.770751953125 707.3115234375
1641.712646484375 829.7199096679688 1788.087890625 1071.9857177734375
1181.789306640625 535.5862426757812 1257.104736328125 813.8807983398438
1318.2117919921875 850.8255615234375 1373.969482421875 1033.2431640625
1429.7642822265625 850.1008911132812 1486.4849853515625 1032.162353515625
1373.8126220703125 848.2645874023438 1428.64697265625 1029.3509521484375
1681.72021484375 526.902099609375 1777.2149658203125 786.5139770507812
638.3180541992188 751.7145385742188 834.4923095703125 883.7534790039062
826.27734375 485.33349609375 975.2924194335938 719.6204223632812
1311.704833984375 568.7297973632812 1386.0648193359375 825.5271606445312
1378.021240234375 568.1984252929688 1431.1766357421875 825.4356689453125
