1425.2589111328125 605.0191040039062 1512.39453125 857.7852783203125
868.7557983398438 589.40576171875 983.4812622070312 812.3598022460938
1967.1358642578125 851.0287475585938 2160.63427734375 1065.6336669921875
2142.838134765625 587.7898559570312 2272.248291015625 802.3887329101562
1514.3543701171875 620.6441040039062 1598.173095703125 867.9044189453125
1510.515869140625 901.7745361328125 1559.127197265625 1079.7581787109375
1736.9482421875 604.3306274414062 1827.970947265625 865.4818115234375
1115.403076171875 597.6676635742188 1196.303466796875 841.93359375
1014.3434448242188 876.290283203125 1202.59423828125 1111.9622802734375
2022.845458984375 603.6675415039062 2146.598876953125 825.3414916992188
1815.913818359375 882.9027099609375 2012.503662109375 1125.3077392578125
1888.9669189453125 606.282958984375 2022.227783203125 844.5929565429688
1355.9013671875 603.597412109375 1428.3211669921875 842.7245483398438
1739.537109375 904.2797241210938 1870.0703125 1145.2030029296875
1811.809326171875 596.0233154296875 1898.1810302734375 854.0940551757812
1666.9779052734375 912.462158203125 1762.46337890625 1144.8258056640625
1187.864501953125 591.9171142578125 1280.4259033203125 850.3378295898438
1665.6806640625 572.4774169921875 1748.16455078125 863.1101684570312
1606.1600341796875 896.7760620117188 1674.5140380859375 1151.34912109375
1265.21923828125 562.2891845703125 1360.6064453125 845.830810546875
982.628173828125 600.4143676757812 1115.5245361328125 832.515869140625
1464.0706787109375 895.80810546875 1513.764404296875 1083.9320068359375
1553.3616943359375 902.166015625 1609.7698974609375 1088.45751953125
1159.6494140625 887.535888671875 1282.0052490234375 1129.430419921875
910.186767578125 849.1954345703125 1066.9658203125 1063.81591796875
1410.542236328125 895.3655395507812 1469.612060546875 1088.12158203125
1238.368896484375 890.56396484375 1356.090576171875 1132.6966552734375
1593.555908203125 619.931640625 1668.6436767578125 858.1748046875
1332.520751953125 886.512939453125 1418.554443359375 1133.8935546875
2079.028076171875 843.0946044921875 2250.674560546875 975.7930908203125
