1689.436279296875 869.3641357421875 1778.3948974609375 1097.1378173828125
898.4572143554688 561.6790771484375 1014.5301513671875 815.1670532226562
1938.7740478515625 807.5441284179688 2152.003662109375 1014.2346801757812
862.3477783203125 811.930419921875 1046.31103515625 1032.9326171875
1941.118408203125 524.930419921875 2079.21337890625 794.9550170898438
1006.3589477539062 575.6979370117188 1129.552978515625 833.21240234375
1817.5318603515625 836.3649291992188 2013.5001220703125 1068.9853515625
1320.7611083984375 869.7581787109375 1395.1915283203125 1147.181396484375
1112.194091796875 578.1445922851562 1198.7991943359375 833.5978393554688
796.061767578125 539.8291625976562 909.950927734375 787.8388671875
1412.7293701171875 565.2499389648438 1504.7447509765625 849.2655029296875
722.0067749023438 823.568603515625 908.3386840820312 971.6370849609375
1242.664306640625 866.3143920898438 1322.53125 1108.5166015625
1498.52001953125 581.8089599609375 1581.101806640625 842.3826904296875
1629.3382568359375 539.7294921875 1716.4677734375 855.7630615234375
1557.669921875 869.3968505859375 1629.066650390625 1087.353515625
1844.4241943359375 549.4345703125 1954.0142822265625 809.1253051757812
985.6693115234375 837.0133056640625 1180.7867431640625 1085.6416015625
1778.683349609375 573.6526489257812 1857.5009765625 822.921142578125
1173.501953125 575.6312255859375 1280.296630859375 839.5650634765625
1618.2109375 860.507568359375 1708.6888427734375 1140.4761962890625
1749.3753662109375 859.6107177734375 1897.8114013671875 1085.408203125
1558.004150390625 592.5719604492188 1645.913330078125 842.2462768554688
1394.0919189453125 882.072998046875 1452.897705078125 1097.1888427734375
1703.09716796875 567.5840454101562 1790.67236328125 833.6602783203125
1151.644775390625 858.1171264648438 1255.760498046875 1094.770751953125
1350.9388427734375 564.7083129882812 1421.4776611328125 849.32470703125
2057.550537109375 503.4108581542969 2182.02685546875 765.3921508789062
2064.0146484375 759.75390625 2233.419921875 959.6677856445312
1247.859375 496.31243896484375 1350.6102294921875 848.6058959960938
1505.4776611328125 878.9558715820312 1578.803466796875 1084.2318115234375
1451.579345703125 883.1532592773438 1509.3248291015625 1090.9339599609375
