794.9542846679688 775.7445068359375 1010.008544921875 1023.4973754882812
1380.1888427734375 573.5858764648438 1474.255859375 875.946044921875
1107.34130859375 864.8900146484375 1240.6094970703125 1097.1214599609375
1762.8251953125 849.2879638671875 1903.744384765625 1077.3414306640625
1310.9932861328125 899.3170166015625 1384.861572265625 1145.184326171875
1845.431396484375 810.4872436523438 2062.98779296875 1076.8121337890625
931.707275390625 827.0654907226562 1157.0775146484375 1104.3663330078125
1066.45263671875 561.5491333007812 1158.0545654296875 838.491455078125
1309.7132568359375 577.452392578125 1386.436767578125 864.5991821289062
1872.45263671875 535.0182495117188 2005.8123779296875 788.4548950195312
831.1295166015625 519.4076538085938 962.1718139648438 770.2655029296875
949.2462768554688 541.2374877929688 1078.182861328125 815.0758056640625
1475.1595458984375 573.1946411132812 1570.8067626953125 873.8416137695312
680.9219360351562 758.8387451171875 855.713623046875 947.621337890625
1222.7098388671875 879.7796630859375 1317.251220703125 1137.2503662109375
1982.6968994140625 755.4241943359375 2202.878173828125 1007.6148681640625
1563.6986083984375 895.74462890625 1634.7935791015625 1115.2491455078125
1504.529052734375 897.1275024414062 1572.4783935546875 1116.151123046875
1690.453857421875 868.669921875 1802.98583984375 1104.6798095703125
1146.5252685546875 583.3185424804688 1234.609130859375 857.4924926757812
1381.689697265625 904.5292358398438 1449.28173828125 1127.3856201171875
1223.1043701171875 537.9138793945312 1314.100341796875 866.6063232421875
1624.35791015625 890.3278198242188 1721.9449462890625 1139.8031005859375
1446.083984375 906.5733642578125 1507.5728759765625 1122.606201171875
1566.478271484375 584.0023803710938 1643.92822265625 853.8956298828125
1987.4539794921875 499.3263244628906 2117.720703125 744.01025390625
1793.7119140625 567.41552734375 1890.6187744140625 817.9871826171875
1636.6297607421875 521.8646240234375 1723.1148681640625 846.5491333007812
1717.878662109375 564.3699951171875 1805.4959716796875 833.3592529296875
