1967.2779541015625 826.2059326171875 2181.779541015625 1083.08154296875
1099.96435546875 895.5678100585938 1227.68359375 1126.8372802734375
1744.8160400390625 918.5572509765625 1867.6982421875 1145.8238525390625
1822.8277587890625 874.211669921875 2074.659423828125 1126.18310546875
2022.4359130859375 510.5755615234375 2168.611083984375 778.9964599609375
1347.9405517578125 583.9158325195312 1442.5155029296875 896.8320922851562
1444.2396240234375 585.8959350585938 1542.9803466796875 903.1395263671875
1008.03369140625 563.4659423828125 1098.3135986328125 810.2476806640625
2096.10546875 751.31005859375 2320.8369140625 996.267333984375
1913.713134765625 562.897705078125 2046.41552734375 821.5437622070312
761.3540649414062 791.5648803710938 957.0433349609375 1029.8265380859375
1085.38330078125 574.2997436523438 1181.1756591796875 842.397705078125
1306.0638427734375 917.4271240234375 1374.6666259765625 1095.103759765625
1172.7227783203125 555.8798828125 1261.643798828125 862.9710083007812
1568.3475341796875 927.6339721679688 1682.1363525390625 1160.515869140625
1642.67724609375 573.0638427734375 1741.1024169921875 883.46875
1825.90283203125 598.6356201171875 1924.608154296875 850.1864624023438
795.7050170898438 505.7928466796875 919.7706298828125 755.553955078125
1545.696044921875 595.6922607421875 1642.1414794921875 883.94921875
1735.87646484375 602.771240234375 1839.643798828125 870.5409545898438
1431.85595703125 926.406005859375 1497.57958984375 1092.19580078125
1189.6190185546875 906.2151489257812 1308.8682861328125 1156.041259765625
1262.5595703125 600.7529907226562 1348.527099609375 874.3226928710938
1369.65283203125 922.4075317382812 1433.4500732421875 1088.5589599609375
1655.1663818359375 928.9397583007812 1757.6561279296875 1158.48095703125
672.6612548828125 489.3849792480469 821.9392700195312 720.1427001953125
1495.88623046875 932.4471435546875 1569.4853515625 1100.2215576171875
906.700927734375 526.181884765625 1014.0270385742188 789.61181640625
898.8330078125 821.2382202148438 1085.12890625 1071.4869384765625
1028.0416259765625 873.5809936523438 1152.71044921875 1107.1585693359375
584.13818359375 783.19970703125 813.6040649414062 941.9580688476562
2123.265625 537.167236328125 2223.914306640625 707.7315063476562
