2078.995361328125 791.0258178710938 2239.77783203125 1006.8402709960938
797.096435546875 569.51171875 945.74755859375 805.690185546875
1300.5245361328125 569.86572265625 1380.8812255859375 823.3048706054688
1797.8848876953125 844.6322631835938 1980.2529296875 1094.1676025390625
1141.5352783203125 868.1581420898438 1230.9080810546875 1131.9658203125
1468.6343994140625 555.07763671875 1559.587646484375 824.8204345703125
1220.7464599609375 868.6055297851562 1303.3350830078125 1126.853759765625
1940.4580078125 821.952880859375 2127.817626953125 1071.0074462890625
1064.25341796875 597.0744018554688 1158.8009033203125 830.048095703125
1001.8009033203125 856.3527221679688 1152.0693359375 1103.9390869140625
2012.6844482421875 549.7551879882812 2147.106689453125 788.2522583007812
1376.010009765625 559.8552856445312 1469.854736328125 827.484375
928.0796508789062 600.1636962890625 1074.38623046875 823.6875
1885.4866943359375 547.2595825195312 2031.26708984375 806.0060424804688
1575.25244140625 847.7662963867188 1660.221923828125 1145.65234375
845.3812255859375 846.3822021484375 1017.13720703125 1091.2855224609375
1644.634521484375 858.2859497070312 1739.9779052734375 1111.1536865234375
1209.7880859375 551.0958862304688 1313.8232421875 835.9229736328125
1515.6883544921875 842.5179443359375 1583.15771484375 1098.733154296875
1429.7305908203125 853.733154296875 1483.33740234375 1080.554443359375
1714.263427734375 859.78515625 1845.466796875 1127.6436767578125
1714.759521484375 563.0973510742188 1808.4967041015625 822.5209350585938
1299.102294921875 860.43896484375 1395.5230712890625 1145.08349609375
1640.0482177734375 532.4983520507812 1723.845703125 822.1268920898438
1136.203369140625 589.8787841796875 1237.72900390625 831.85888671875
725.3518676757812 821.6879272460938 871.635986328125 1053.391845703125
1562.1527099609375 560.340087890625 1639.3623046875 815.2716064453125
1473.9754638671875 851.9752197265625 1533.061279296875 1086.6898193359375
1797.919677734375 591.4095458984375 1891.085205078125 814.5869750976562
1365.2550048828125 855.6893920898438 1441.924072265625 1093.4359130859375
1499.0892333984375 845.874267578125 1551.4598388671875 1097.8045654296875
