614.2518920898438 437.7159423828125 735.4655151367188 688.6325073242188
1767.9296875 759.489990234375 1897.4722900390625 1016.3465576171875
2193.03076171875 439.9177551269531 2308.10986328125 658.5338745117188
869.61767578125 758.5308227539062 1054.270263671875 1016.0054321289062
728.818359375 401.1639709472656 855.5007934570312 690.7802124023438
1993.75830078125 717.88916015625 2162.836669921875 971.2391967773438
856.5220336914062 450.9536437988281 996.033447265625 713.2015380859375
1466.7802734375 460.0769348144531 1587.35009765625 739.5215454101562
990.8231811523438 443.70526123046875 1076.16845703125 726.7659912109375
749.8764038085938 729.688232421875 915.5502319335938 971.7525634765625
1856.5257568359375 746.8448486328125 2052.986572265625 999.77099609375
1682.20849609375 402.1276550292969 1782.615234375 727.9098510742188
1680.27392578125 760.7924194335938 1791.8017578125 1029.35986328125
2076.700439453125 394.4618835449219 2197.421875 685.3397216796875
1352.26416015625 457.436767578125 1464.9898681640625 737.5440063476562
1127.07958984375 778.3009643554688 1213.1085205078125 1040.1290283203125
1066.2218017578125 448.4024658203125 1171.366455078125 733.6790771484375
1432.4775390625 763.12646484375 1507.2587890625 972.2168579101562
1140.9361572265625 405.1453857421875 1258.4163818359375 730.399658203125
2126.150390625 709.0748901367188 2260.72412109375 934.10009765625
1586.5989990234375 752.9702758789062 1714.6710205078125 1077.4071044921875
1946.4586181640625 434.5602722167969 2085.812744140625 701.2820434570312
1501.431396484375 755.9081420898438 1593.7177734375 996.04150390625
1217.12841796875 761.6038208007812 1298.75341796875 1047.526611328125
1029.9859619140625 777.3440551757812 1133.2967529296875 1028.551025390625
1588.282958984375 456.56036376953125 1682.371337890625 732.6435546875
1777.6876220703125 468.90386962890625 1866.6231689453125 726.4796142578125
1864.860595703125 450.6730041503906 1951.3165283203125 711.3294677734375
1295.2667236328125 764.2639770507812 1371.2652587890625 993.4610595703125
1257.2506103515625 463.863525390625 1352.193359375 729.6507568359375
548.2705688476562 721.8310546875 773.1172485351562 892.4921875
1366.255615234375 764.213623046875 1440.440673828125 977.1868896484375
