1903.39453125 460.8285827636719 2045.910400390625 725.3117065429688
1798.5118408203125 525.3250732421875 1930.3184814453125 768.5560302734375
963.3497314453125 535.2489013671875 1086.2841796875 783.7285766601562
1632.554443359375 848.524169921875 1827.305419921875 1084.8734130859375
1968.8909912109375 450.575439453125 2151.96875 659.921875
1362.4122314453125 584.7999267578125 1447.7869873046875 882.0794677734375
1593.8626708984375 554.7839965820312 1688.5084228515625 847.5007934570312
951.2381591796875 834.2374877929688 1142.8052978515625 1074.346923828125
1530.910888671875 603.906494140625 1596.308349609375 854.1494140625
1303.882568359375 604.4276123046875 1361.525146484375 861.7166748046875
846.1187744140625 774.3884887695312 1032.8997802734375 971.7704467773438
1162.2083740234375 895.6398315429688 1291.3165283203125 1119.652099609375
1857.60888671875 752.9276123046875 2098.844482421875 965.0389404296875
1222.2720947265625 562.3583374023438 1301.016357421875 864.3421020507812
763.7296142578125 728.28759765625 933.3382568359375 930.7094116210938
1143.37353515625 592.2845458984375 1226.457763671875 829.5332641601562
859.9049072265625 491.8808288574219 981.6307373046875 722.8814086914062
1721.121826171875 808.107421875 1984.053955078125 1044.9227294921875
1669.9796142578125 552.6940307617188 1769.26025390625 808.836181640625
1445.4810791015625 587.3173217773438 1535.578857421875 880.79638671875
1731.92333984375 540.0384521484375 1824.4930419921875 781.5543823242188
1077.7957763671875 577.3905639648438 1157.9423828125 809.8168334960938
1291.72216796875 909.4298095703125 1368.605712890625 1140.189453125
1077.3909912109375 871.6142578125 1217.9654541015625 1108.6119384765625
1563.8619384765625 884.8527221679688 1710.92431640625 1123.724853515625
1432.5894775390625 904.496826171875 1491.5609130859375 1119.3082275390625
1491.9478759765625 903.54833984375 1600.283935546875 1136.8465576171875
1366.216064453125 909.6017456054688 1428.9725341796875 1120.8834228515625
