1854.85400390625 847.7349853515625 2070.7177734375 1101.4456787109375
1654.9033203125 582.0670776367188 1746.224853515625 888.4971923828125
1113.3294677734375 636.7307739257812 1208.982177734375 876.4871826171875
1683.0042724609375 888.6738891601562 1774.9510498046875 1130.10009765625
1027.188720703125 630.9564819335938 1112.724609375 864.6726684570312
1829.9083251953125 617.8312377929688 1920.88916015625 870.869384765625
1295.123046875 645.2377319335938 1378.0970458984375 880.0595092773438
2036.619384765625 556.075927734375 2174.85546875 808.287353515625
882.3782348632812 848.0596923828125 1095.4783935546875 1082.0645751953125
2000.4161376953125 803.1900634765625 2229.309326171875 1040.7174072265625
1529.4423828125 907.9367065429688 1597.5980224609375 1106.4727783203125
1252.40625 905.779052734375 1335.621826171875 1134.32080078125
1338.039306640625 909.7040405273438 1401.7113037109375 1103.94482421875
741.493408203125 807.9306030273438 951.8187255859375 1047.6180419921875
1195.5308837890625 584.8543701171875 1294.907470703125 883.9467163085938
1764.7225341796875 876.8660278320312 1870.9912109375 1102.8675537109375
1071.7474365234375 881.9301147460938 1168.6671142578125 1086.182861328125
755.8086547851562 565.9442138671875 893.36181640625 807.8013916015625
1572.8612060546875 646.101806640625 1656.5531005859375 882.5755004882812
1463.9071044921875 910.0274047851562 1525.5860595703125 1093.1373291015625
1909.73828125 605.83740234375 2045.75537109375 844.0361328125
1737.8941650390625 620.6951904296875 1837.0689697265625 882.0631713867188
1170.2764892578125 894.6172485351562 1251.6512451171875 1110.886962890625
1473.361572265625 646.2411499023438 1569.933349609375 881.6884765625
1599.6083984375 898.9885864257812 1699.0423583984375 1129.8748779296875
1380.1700439453125 641.8656616210938 1477.612060546875 881.8952026367188
890.6279907226562 604.9065551757812 1029.6280517578125 843.2896728515625
600.8421020507812 749.8851928710938 793.1002197265625 953.911376953125
1403.2916259765625 910.5690307617188 1460.4385986328125 1095.9637451171875
