1744.630126953125 880.6871948242188 1910.036865234375 1130.1151123046875
1990.0501708984375 446.1593017578125 2164.934814453125 623.6598510742188
1074.5213623046875 885.0375366210938 1199.40478515625 1129.859375
894.1375732421875 847.314697265625 1123.1458740234375 1125.8519287109375
1284.922119140625 609.3601684570312 1377.624755859375 901.7959594726562
828.1324462890625 543.7554931640625 957.752685546875 791.1361694335938
1957.9505615234375 525.05419921875 2087.875 790.6768188476562
1534.056884765625 602.553955078125 1619.0482177734375 899.2102661132812
1445.020751953125 618.705078125 1534.12451171875 908.8140258789062
756.7618408203125 798.1598510742188 974.3851928710938 1046.016845703125
1363.956298828125 619.6702880859375 1447.583984375 909.116455078125
1572.68798828125 912.6165161132812 1694.83740234375 1168.0982666015625
1690.215087890625 588.4557495117188 1790.468017578125 868.3426513671875
1284.2747802734375 925.9943237304688 1382.3541259765625 1139.7340087890625
1832.8681640625 828.0228881835938 2067.5234375 1098.510986328125
1612.3052978515625 555.6407470703125 1701.8603515625 895.7399291992188
941.843994140625 581.5136108398438 1075.9449462890625 841.9883422851562
1059.95947265625 581.6358032226562 1150.85302734375 862.1607055664062
1658.5374755859375 902.6447143554688 1803.247314453125 1161.50244140625
1186.0087890625 904.078369140625 1286.706298828125 1156.4666748046875
1221.5467529296875 578.5779418945312 1303.5220947265625 904.2749633789062
717.373291015625 525.2604370117188 886.6849975585938 741.1992797851562
1138.148681640625 594.3743896484375 1231.419677734375 883.698486328125
1429.4517822265625 923.8421630859375 1508.40771484375 1102.9361572265625
1770.9027099609375 584.9880981445312 1871.104248046875 842.3229370117188
1502.0791015625 924.1048583984375 1578.4837646484375 1114.3868408203125
1365.56787109375 931.7833251953125 1446.6131591796875 1103.5545654296875
