1973.734130859375 496.1824645996094 2102.47119140625 745.9917602539062
842.5850219726562 507.628173828125 963.6812744140625 743.537353515625
1843.8101806640625 516.9853515625 1982.35302734375 780.72021484375
1523.0609130859375 872.3240356445312 1578.6390380859375 1062.1494140625
1067.77490234375 553.0327758789062 1155.166259765625 799.9378662109375
1578.4891357421875 860.0792846679688 1678.8380126953125 1122.4049072265625
1448.0196533203125 553.4368286132812 1530.7562255859375 837.7462158203125
1274.64501953125 866.6416625976562 1351.198486328125 1111.1082763671875
1685.138671875 553.48583984375 1774.3846435546875 822.792724609375
1299.1573486328125 569.5919189453125 1369.0831298828125 829.9593505859375
956.3902587890625 532.6433715820312 1075.5347900390625 772.9880981445312
732.26171875 546.1796264648438 847.3721313476562 750.9080810546875
1759.3240966796875 552.4369506835938 1849.41552734375 798.911865234375
1466.6485595703125 870.6710815429688 1523.065185546875 1052.0166015625
1213.284912109375 512.1408081054688 1305.589111328125 826.5477905273438
1526.401611328125 572.5965576171875 1601.6370849609375 828.7655029296875
1143.4444580078125 560.5430908203125 1228.8341064453125 812.392333984375
2035.381103515625 763.7916259765625 2216.887451171875 928.8054809570312
828.0083618164062 790.3552856445312 1033.6087646484375 1005.0994262695312
1365.5477294921875 551.4656372070312 1450.2718505859375 842.215087890625
1601.2236328125 506.97857666015625 1694.2852783203125 837.5881958007812
1412.697998046875 868.8402099609375 1463.743896484375 1047.700927734375
1766.3779296875 827.6221923828125 1958.83056640625 1062.866943359375
1197.9368896484375 869.4176025390625 1274.6217041015625 1103.4044189453125
970.2247924804688 828.6732788085938 1171.20849609375 1056.790283203125
1653.8609619140625 859.1282348632812 1832.2513427734375 1087.466552734375
1893.9881591796875 799.7838745117188 2119.46533203125 1009.1907348632812
1350.98291015625 869.780517578125 1410.5404052734375 1060.31396484375
2094.813720703125 549.9329833984375 2196.49560546875 707.8427734375
