750.7373046875 550.648681640625 875.5442504882812 827.5726318359375
1761.10546875 891.6004638671875 1986.192626953125 1134.3734130859375
975.2100219726562 611.2549438476562 1087.157958984375 864.79150390625
1850.596435546875 644.0596313476562 1984.934814453125 886.3837280273438
859.5330810546875 596.2665405273438 979.0057373046875 856.52197265625
1461.3045654296875 610.8628540039062 1543.75732421875 883.3715209960938
1611.736572265625 557.7423706054688 1729.9515380859375 888.9854125976562
1315.1090087890625 624.93603515625 1384.857666015625 872.2061767578125
1381.130126953125 615.0691528320312 1464.333740234375 882.689697265625
680.2362060546875 814.8759155273438 904.0973510742188 1028.2056884765625
1624.690185546875 912.2537231445312 1710.5609130859375 1151.344970703125
1972.097900390625 623.1395874023438 2100.786865234375 860.0546264648438
802.2537841796875 877.4675903320312 1031.62744140625 1085.2691650390625
1159.9166259765625 599.1826782226562 1239.524658203125 869.94482421875
1902.945556640625 861.4061279296875 2148.275390625 1107.794677734375
1686.369384765625 897.3795776367188 1844.087890625 1146.6942138671875
1541.229248046875 623.7217407226562 1616.34619140625 872.9075317382812
1250.6380615234375 903.3630981445312 1354.2066650390625 1147.639892578125
1551.6939697265625 901.111572265625 1627.9891357421875 1153.091796875
1192.447509765625 891.7537231445312 1292.235595703125 1144.717529296875
1081.1712646484375 593.1093139648438 1164.955810546875 867.6204833984375
1774.6832275390625 627.2319946289062 1868.5439453125 898.94677734375
1388.6806640625 908.734619140625 1456.7894287109375 1098.8997802734375
973.1525268554688 885.6303100585938 1149.9227294921875 1115.695068359375
1231.299560546875 569.31640625 1320.1607666015625 874.9718627929688
1333.68408203125 905.2954711914062 1414.5233154296875 1110.4853515625
1690.927490234375 615.9900512695312 1786.69921875 895.12060546875
1096.8367919921875 888.9641723632812 1225.376220703125 1129.9554443359375
1443.8887939453125 907.2911376953125 1502.9444580078125 1100.774658203125
1497.5716552734375 909.0711059570312 1558.5946044921875 1095.66259765625
