2071.02197265625 810.3812255859375 2257.20263671875 1012.8463134765625
746.46875 801.5924682617188 922.90673828125 991.8452758789062
2112.652099609375 552.5813598632812 2242.650634765625 752.0179443359375
1761.26171875 864.2437133789062 1953.9346923828125 1099.88525390625
847.8966064453125 582.982177734375 961.291015625 817.301513671875
1892.1575927734375 577.619140625 2024.3837890625 817.06640625
762.8737182617188 587.8831787109375 872.6080932617188 759.751708984375
1916.8414306640625 839.5446166992188 2138.532958984375 1058.590087890625
959.8710327148438 590.6290893554688 1087.1123046875 812.7863159179688
1574.919921875 611.9457397460938 1656.244140625 870.0169067382812
992.0582885742188 871.021728515625 1142.9256591796875 1105.2633056640625
1161.0863037109375 606.62353515625 1251.2498779296875 837.5392456054688
1087.3624267578125 589.0372924804688 1167.671875 828.4358520507812
1401.005615234375 911.5105590820312 1448.310791015625 1103.5770263671875
1283.148681640625 902.4758911132812 1349.02783203125 1138.7261962890625
1617.842529296875 892.7693481445312 1698.7908935546875 1125.9295654296875
1654.157470703125 590.8101196289062 1743.5623779296875 855.2131958007812
2019.43310546875 570.951416015625 2136.720703125 800.8477172851562
1729.170166015625 593.5192260742188 1824.2403564453125 840.9501953125
1688.648193359375 882.100341796875 1807.980224609375 1111.5404052734375
1809.5836181640625 575.232421875 1896.802978515625 828.6822509765625
1403.35888671875 613.91064453125 1498.2645263671875 875.742431640625
1237.203125 599.3002319335938 1330.8167724609375 852.7433471679688
1210.0052490234375 906.1224365234375 1282.5089111328125 1132.8472900390625
1123.4801025390625 889.4267578125 1218.785400390625 1140.6531982421875
1345.62890625 906.5904541015625 1401.197509765625 1112.2572021484375
1330.73486328125 617.924560546875 1405.6318359375 860.9094848632812
1451.8446044921875 912.0684814453125 1501.7232666015625 1104.0159912109375
1550.6783447265625 899.3013916015625 1623.0360107421875 1140.4466552734375
1485.232421875 612.3538818359375 1577.111328125 880.6275634765625
1498.9892578125 909.850830078125 1552.6119384765625 1105.740478515625
864.4010009765625 883.3626708984375 1008.4765625 1024.84521484375
