1968.4814453125 356.6150817871094 2101.412109375 642.2236938476562
2065.88037109375 355.96099853515625 2214.70361328125 578.4203491210938
1759.2620849609375 433.4244384765625 1857.2677001953125 707.010986328125
819.4721069335938 646.2714233398438 1017.3739013671875 909.015869140625
1601.767333984375 768.8125 1715.3070068359375 1098.7652587890625
713.1008911132812 595.2171020507812 879.4282836914062 807.9613647460938
1815.431884765625 699.4129638671875 2025.2703857421875 958.0709838867188
1382.92919921875 444.4864501953125 1467.778564453125 760.380615234375
1434.736572265625 789.5882568359375 1491.59228515625 1008.6535034179688
1732.847900390625 746.4281005859375 1877.597900390625 1007.7987670898438
1464.5015869140625 453.7072448730469 1551.5272216796875 763.3980102539062
1843.5089111328125 399.48040771484375 1972.8466796875 676.2053833007812
1666.0946044921875 750.9310913085938 1789.4564208984375 1035.9996337890625
1539.0465087890625 779.383056640625 1606.6573486328125 1025.1351318359375
960.3971557617188 390.2916564941406 1087.26171875 671.2651977539062
1149.5860595703125 423.9639587402344 1241.2581787109375 716.4738159179688
1212.4111328125 739.3499755859375 1308.29345703125 1022.7944946289062
1542.1239013671875 460.04205322265625 1624.9132080078125 741.7420654296875
1694.7001953125 435.9870300292969 1791.605224609375 725.2030029296875
832.029296875 370.1799011230469 964.9925537109375 633.2698364257812
718.4782104492188 309.9075622558594 854.6145629882812 568.5101928710938
1946.62158203125 655.2728271484375 2129.472900390625 911.157470703125
1233.94775390625 363.3363342285156 1315.144775390625 737.3048706054688
1617.816650390625 383.0998840332031 1709.1427001953125 747.5305786132812
1133.1651611328125 721.0429077148438 1237.055419921875 1009.6591186523438
1314.5770263671875 437.75311279296875 1385.44970703125 744.1506958007812
1487.6466064453125 791.2595825195312 1547.9482421875 1010.8953247070312
971.0061645507812 696.21630859375 1161.2344970703125 960.5734252929688
1375.8424072265625 780.8335571289062 1437.629150390625 1017.6554565429688
1295.8214111328125 758.0233764648438 1377.7484130859375 1075.7259521484375
1076.4361572265625 416.9290771484375 1167.60302734375 700.1678466796875
2097.226806640625 622.18212890625 2240.0185546875 760.5736694335938
