1971.0576171875 494.7589416503906 2098.165283203125 736.001708984375
1935.603515625 768.3483276367188 2150.726806640625 994.8348388671875
766.33251953125 443.12213134765625 900.707275390625 682.3394165039062
844.5341796875 771.8757934570312 1037.34326171875 999.8226318359375
1399.1378173828125 576.6605834960938 1488.133544921875 857.2357177734375
1859.812255859375 510.7145080566406 1988.9698486328125 774.6559448242188
865.76416015625 473.6513671875 984.5267333984375 724.7711791992188
1685.8375244140625 886.1138916015625 1781.937744140625 1124.78271484375
1086.796875 543.7315673828125 1169.7840576171875 791.873291015625
1816.6373291015625 819.7230834960938 2026.6322021484375 1075.6878662109375
1722.1162109375 557.89453125 1809.513427734375 827.5084838867188
974.3580322265625 502.5835876464844 1096.5343017578125 763.6569213867188
1236.7655029296875 526.0560302734375 1318.6134033203125 836.3788452148438
1751.1005859375 864.2805786132812 1872.3165283203125 1094.1578369140625
2060.581298828125 468.5968322753906 2207.178466796875 690.0617065429688
2063.96875 702.8169555664062 2249.1669921875 903.774169921875
741.9600219726562 712.1936645507812 916.502197265625 903.9175415039062
1574.18310546875 610.4707641601562 1650.428955078125 856.9539184570312
1790.27978515625 545.3890380859375 1882.7259521484375 808.99853515625
1649.1153564453125 546.293212890625 1730.5966796875 855.5291137695312
1276.0579833984375 889.0050048828125 1371.1221923828125 1124.8775634765625
1320.8271484375 595.6952514648438 1397.98095703125 841.53369140625
1489.3646240234375 905.1567993164062 1549.77587890625 1065.7574462890625
981.3530883789062 821.478271484375 1162.6068115234375 1060.1234130859375
1371.8153076171875 895.0860595703125 1436.26220703125 1082.966064453125
1544.720458984375 904.9192504882812 1615.302978515625 1088.070556640625
1158.016845703125 551.0419311523438 1243.8873291015625 810.1536254882812
1613.427001953125 896.895263671875 1696.85400390625 1131.17041015625
1488.552734375 597.4306030273438 1574.124267578125 859.9011840820312
1435.755615234375 899.8977661132812 1493.793701171875 1064.3162841796875
1208.5487060546875 883.4429321289062 1298.4619140625 1111.9356689453125
1122.367919921875 867.2537841796875 1230.537353515625 1088.190673828125
