1420.7947998046875 559.8768920898438 1516.0933837890625 846.83544921875
929.3961181640625 532.7892456054688 1048.4163818359375 794.3907470703125
1957.7760009765625 504.4032287597656 2080.48779296875 749.0332641601562
821.5517578125 531.4154663085938 928.9282836914062 762.0886840820312
1270.9364013671875 568.4427490234375 1338.6241455078125 835.205322265625
1455.5325927734375 888.8453369140625 1516.7987060546875 1112.750732421875
1744.315185546875 842.0387573242188 1863.778076171875 1084.458984375
1826.90771484375 516.8489990234375 1963.0870361328125 768.6134643554688
1333.0440673828125 569.4304809570312 1420.530029296875 854.0145263671875
1658.5948486328125 851.4273071289062 1768.572265625 1108.892333984375
803.6752319335938 793.600830078125 980.0682983398438 1021.8036499023438
1121.205078125 561.665283203125 1214.8973388671875 832.2555541992188
1512.34326171875 882.38623046875 1582.7242431640625 1128.5306396484375
925.1360473632812 842.2542724609375 1107.83203125 1090.6151123046875
1825.168701171875 819.631591796875 2006.081787109375 1082.833251953125
1965.238037109375 777.1068725585938 2146.581787109375 999.2761840820312
1246.0626220703125 876.9415893554688 1333.2578125 1144.0340576171875
1746.0577392578125 519.1373291015625 1828.9727783203125 777.4815673828125
1164.8780517578125 891.4989013671875 1251.294189453125 1120.9962158203125
1581.718505859375 863.8719482421875 1682.6798095703125 1147.955078125
1197.701416015625 541.716064453125 1268.199951171875 839.5948486328125
1393.068359375 892.03173828125 1458.2705078125 1120.2205810546875
1048.001708984375 567.1276245117188 1124.1429443359375 813.02783203125
1076.6578369140625 895.5552368164062 1172.696533203125 1094.58740234375
1508.02001953125 560.0283813476562 1599.8323974609375 826.0791015625
1333.2235107421875 890.3860473632812 1398.8814697265625 1126.719482421875
1645.9261474609375 514.748046875 1749.413330078125 795.4747314453125
1593.713134765625 515.98095703125 1677.353759765625 801.4284057617188
