886.7867431640625 757.4572143554688 1046.685302734375 961.5968017578125
1877.3634033203125 763.9970703125 2051.9873046875 991.612548828125
872.0712280273438 497.5266418457031 984.22998046875 737.3145141601562
1082.1903076171875 513.6699829101562 1158.471923828125 774.9365234375
2014.209716796875 720.4505615234375 2234.982177734375 889.1265869140625
775.769775390625 721.6617431640625 922.5773315429688 911.6367797851562
1358.9521484375 517.3035888671875 1442.25537109375 801.662353515625
1284.4981689453125 530.1082763671875 1361.3914794921875 787.715087890625
1814.3651123046875 528.4244995117188 1937.696533203125 762.91259765625
763.2344970703125 488.0117492675781 894.888916015625 696.4024658203125
1439.975830078125 546.2271118164062 1524.2823486328125 810.3070068359375
1931.5576171875 506.58160400390625 2053.73291015625 746.5369873046875
1269.3841552734375 810.511474609375 1349.516357421875 1043.03515625
1022.2051391601562 784.114990234375 1161.361328125 984.6768798828125
980.2453002929688 513.843505859375 1088.8289794921875 762.0535888671875
1211.1490478515625 805.915283203125 1282.032470703125 1033.604736328125
1138.283935546875 796.80419921875 1225.285400390625 1027.6241455078125
1742.615234375 786.838134765625 1928.0919189453125 1011.9527587890625
1614.563720703125 820.0438842773438 1699.611572265625 1043.3326416015625
2024.415771484375 483.5477294921875 2168.317138671875 715.3955078125
1210.9290771484375 498.91790771484375 1291.960205078125 787.1611328125
1551.494873046875 821.6407470703125 1625.9161376953125 1057.98681640625
1743.4019775390625 532.780029296875 1825.3477783203125 780.8648071289062
1494.974609375 829.0654296875 1550.689697265625 1029.850341796875
1341.8909912109375 833.0177001953125 1402.197021484375 1015.9706420898438
1592.4302978515625 507.6627502441406 1674.753662109375 791.0280151367188
1147.58203125 523.9093017578125 1230.0576171875 786.5462646484375
1395.570556640625 830.9949340820312 1448.5850830078125 1017.5438842773438
1526.298095703125 545.5494384765625 1594.3092041015625 794.3731689453125
1670.447998046875 808.1898193359375 1795.01513671875 1041.483154296875
1665.3804931640625 542.4297485351562 1754.150146484375 788.28515625
1444.4439697265625 830.0433349609375 1495.5848388671875 1019.669677734375
