814.68017578125 822.3419189453125 983.5096435546875 1045.2900390625
691.7594604492188 772.7368774414062 865.544677734375 963.2018432617188
1568.1781005859375 893.0603637695312 1665.7991943359375 1154.5272216796875
1989.2440185546875 583.244140625 2117.413818359375 809.5372924804688
1404.5784912109375 910.3180541992188 1463.701904296875 1098.2568359375
1806.8897705078125 850.5381469726562 1980.2843017578125 1070.0223388671875
824.8035888671875 596.993896484375 945.1561279296875 821.9911499023438
944.861572265625 613.1285400390625 1064.2227783203125 847.6444702148438
1456.38134765625 913.8295288085938 1512.3472900390625 1116.714599609375
713.927490234375 552.296875 834.7718505859375 774.2066650390625
1868.0467529296875 596.8059692382812 1993.82958984375 824.906005859375
1301.3953857421875 657.3502807617188 1372.0390625 869.7160034179688
1508.538818359375 912.0222778320312 1572.084228515625 1081.7918701171875
1090.494384765625 877.9839477539062 1197.5223388671875 1103.007080078125
1791.0709228515625 614.1475830078125 1870.388916015625 844.5184936523438
1264.39990234375 888.0607299804688 1347.1600341796875 1148.7298583984375
1618.390625 604.9166870117188 1702.9705810546875 863.8134155273438
1053.71044921875 631.470458984375 1143.9053955078125 859.8547973632812
952.7088623046875 860.10986328125 1122.7366943359375 1078.6812744140625
1944.2469482421875 824.1624145507812 2090.6298828125 1033.979248046875
1643.5699462890625 881.8632202148438 1744.177001953125 1120.236083984375
1459.5858154296875 661.82373046875 1546.349365234375 876.1656494140625
1547.9169921875 660.1152954101562 1617.71533203125 866.7357177734375
1347.704833984375 907.3463134765625 1406.716552734375 1118.7333984375
1189.0477294921875 881.7534790039062 1272.899658203125 1113.524169921875
1365.011474609375 658.1473388671875 1457.443359375 880.7001953125
1215.111572265625 646.7766723632812 1302.6898193359375 869.5829467773438
1118.7003173828125 623.1560668945312 1225.58154296875 865.1575317382812
1717.73828125 869.448486328125 1849.887451171875 1104.0419921875
1697.87255859375 619.4710083007812 1794.586181640625 857.558349609375
