832.878662109375 712.2440185546875 977.8040771484375 955.9220581054688
1675.2032470703125 785.7295532226562 1758.8460693359375 1034.158203125
1289.9815673828125 485.56158447265625 1366.34130859375 743.8094482421875
1891.6302490234375 428.4883117675781 2014.9808349609375 673.5203857421875
1203.820068359375 469.54290771484375 1288.0196533203125 747.4901123046875
1267.795166015625 772.2753295898438 1344.3701171875 1050.0738525390625
1839.720458984375 736.39013671875 2018.06201171875 988.5508422851562
924.7045288085938 447.5122375488281 1050.3082275390625 676.63671875
1465.281005859375 477.5962219238281 1555.5472412109375 756.4827270507812
1757.6435546875 775.4861450195312 1872.1239013671875 1016.2977294921875
1097.78515625 773.6677856445312 1188.4661865234375 1016.8795166015625
1367.93798828125 492.1017150878906 1463.2860107421875 762.3025512695312
1595.5087890625 781.3043823242188 1674.73583984375 1064.737548828125
1808.1524658203125 445.12518310546875 1898.18798828125 698.420654296875
1119.5196533203125 482.19287109375 1205.2744140625 718.6801147460938
664.7110595703125 662.7764282226562 849.9278564453125 803.1504516601562
1187.3408203125 784.4193725585938 1270.6409912109375 1032.1416015625
931.2300415039062 744.8259887695312 1109.0479736328125 978.6395263671875
804.38427734375 400.01885986328125 927.3834838867188 646.5253295898438
1558.0439453125 493.3092346191406 1633.7918701171875 737.3905029296875
1635.0941162109375 444.55126953125 1724.443115234375 732.5476684570312
1040.58154296875 471.03265380859375 1124.6268310546875 698.8497924804688
1966.751708984375 690.1861572265625 2133.708251953125 933.9859008789062
2006.9466552734375 390.1460876464844 2126.446044921875 635.8019409179688
1528.8018798828125 788.7002563476562 1595.1385498046875 1017.7898559570312
1343.656982421875 790.468017578125 1412.8389892578125 1025.5263671875
1720.3460693359375 463.2032775878906 1816.13720703125 713.3174438476562
1411.8316650390625 788.1528930664062 1474.599365234375 1017.1033935546875
1474.453857421875 795.1434936523438 1532.5623779296875 1009.9354858398438
