736.6636962890625 563.3302612304688 847.7935180664062 809.0442504882812
1141.0443115234375 518.9530029296875 1226.120361328125 769.2488403320312
1714.4464111328125 839.0465087890625 1804.836181640625 1109.31689453125
2093.2373046875 587.8165283203125 2220.943359375 837.9901123046875
1980.903076171875 574.6682739257812 2109.58935546875 840.2120361328125
1547.8504638671875 516.8019409179688 1616.923583984375 767.9320068359375
1212.4813232421875 483.4173278808594 1301.6585693359375 765.2675170898438
1697.6392822265625 500.87579345703125 1791.708251953125 783.0369262695312
1616.679443359375 452.90350341796875 1719.1209716796875 776.913818359375
1176.500244140625 801.5611572265625 1250.63037109375 1046.19970703125
1627.8372802734375 829.6517944335938 1714.6451416015625 1099.467041015625
1306.2877197265625 504.5597839355469 1376.188720703125 764.6473999023438
1783.365966796875 529.2294921875 1867.9420166015625 787.111083984375
836.5738525390625 500.1784973144531 955.4208374023438 755.20849609375
1804.0660400390625 834.9194946289062 1973.829345703125 1124.2894287109375
1073.069091796875 522.2606201171875 1149.962158203125 767.7412719726562
948.5020751953125 784.8977661132812 1113.4600830078125 1045.662841796875
1373.0177001953125 482.6695556640625 1462.9375 776.2064208984375
1859.9031982421875 508.05609130859375 1999.6761474609375 788.9410400390625
1550.6239013671875 818.5704345703125 1632.54931640625 1104.58935546875
1462.6707763671875 491.0596008300781 1548.0960693359375 777.3748779296875
811.7315673828125 770.5228271484375 980.7042236328125 1019.9760131835938
1433.099853515625 790.9532470703125 1494.7174072265625 1025.6217041015625
1486.0455322265625 810.7650756835938 1557.63623046875 1026.4593505859375
1322.62841796875 783.8079223632812 1382.3990478515625 1032.3480224609375
943.7516479492188 492.09356689453125 1077.1728515625 760.817138671875
1075.97900390625 792.7288818359375 1188.152099609375 1048.9989013671875
1381.4593505859375 798.5433349609375 1434.6131591796875 1024.5296630859375
1231.5361328125 791.9183349609375 1322.5107421875 1072.7388916015625
