827.3733520507812 481.8970031738281 952.2272338867188 734.0767822265625
1710.1873779296875 782.1256103515625 1813.8211669921875 1028.6256103515625
1050.3729248046875 515.9061279296875 1134.1085205078125 765.6659545898438
936.7394409179688 502.39727783203125 1057.12744140625 749.1358032226562
1855.92333984375 516.2730102539062 1982.1962890625 768.5964965820312
2040.79296875 483.5519714355469 2161.031494140625 658.1202392578125
1934.0855712890625 756.6771850585938 2099.21044921875 1006.1724243164062
941.2525634765625 768.7471923828125 1126.6602783203125 1010.6513061523438
740.415771484375 463.4583740234375 874.7550659179688 662.4273681640625
1188.2060546875 778.87939453125 1261.158447265625 1019.4431762695312
1263.2147216796875 521.136474609375 1356.555908203125 748.3751831054688
647.1939697265625 716.327880859375 861.8032836914062 847.6694946289062
1561.8096923828125 770.9727783203125 1632.68212890625 1032.1485595703125
1772.7950439453125 514.8330688476562 1860.971923828125 774.5401000976562
1790.1817626953125 775.399169921875 1974.214111328125 1023.3369750976562
1682.43310546875 514.7243041992188 1779.251953125 770.9321899414062
1121.0660400390625 531.4772338867188 1211.7459716796875 764.8781127929688
1964.0078125 490.049072265625 2094.723876953125 751.6272583007812
825.0795288085938 742.4121704101562 992.1258544921875 976.7146606445312
1348.7008056640625 519.8486328125 1436.041748046875 751.9154052734375
1635.4105224609375 783.5196533203125 1716.336181640625 1043.3450927734375
1439.14892578125 532.7447509765625 1520.1173095703125 757.47119140625
1091.4765625 781.8588256835938 1192.1793212890625 1025.8369140625
1262.4024658203125 774.9027709960938 1330.081787109375 1040.0291748046875
1385.6029052734375 780.9155883789062 1439.58740234375 1020.6190795898438
1494.4537353515625 777.2521362304688 1556.8531494140625 1031.00048828125
1328.2149658203125 776.612060546875 1387.3812255859375 1028.14208984375
1595.07958984375 476.7853088378906 1695.2841796875 767.7518310546875
1189.57080078125 511.0010070800781 1288.512939453125 758.8553466796875
1520.960693359375 527.0372924804688 1597.31982421875 751.0811767578125
1440.522216796875 779.7987670898438 1495.0439453125 1017.0680541992188
