2016.604248046875 607.9150390625 2134.55810546875 847.596923828125
1680.788330078125 911.2322387695312 1770.5982666015625 1168.3253173828125
877.454833984375 844.8343505859375 1038.125244140625 1069.341552734375
1900.7940673828125 620.0165405273438 2019.2730712890625 867.522705078125
2094.3505859375 812.717529296875 2300.43212890625 998.2091064453125
1362.3126220703125 600.5099487304688 1431.86962890625 863.6334838867188
1000.0266723632812 587.987548828125 1121.861572265625 839.2689819335938
1611.479248046875 908.720703125 1693.2384033203125 1175.0299072265625
1667.913818359375 598.7996826171875 1764.3262939453125 893.7249755859375
1963.9119873046875 868.6137084960938 2119.975830078125 1101.79736328125
886.6080932617188 593.6520385742188 1000.9744262695312 828.8107299804688
1823.791748046875 629.8711547851562 1902.4249267578125 877.224365234375
1193.57177734375 582.5928955078125 1287.2110595703125 864.6309814453125
1007.0280151367188 863.9373168945312 1171.16259765625 1110.886474609375
1119.993408203125 603.1947631835938 1200.1927490234375 851.9544067382812
1259.647705078125 544.4170532226562 1360.887939453125 868.200927734375
1759.7474365234375 911.5580444335938 1869.9420166015625 1135.8779296875
1431.117919921875 583.5231323242188 1520.095947265625 875.42626953125
1375.747314453125 905.6921997070312 1435.34228515625 1129.6787109375
1833.0860595703125 893.2750854492188 1996.93408203125 1137.4466552734375
1518.087646484375 593.2421875 1601.0977783203125 880.3240356445312
1551.3935546875 909.4974365234375 1610.2611083984375 1140.2269287109375
1493.2161865234375 912.8425903320312 1549.9161376953125 1131.002685546875
778.4622192382812 829.069580078125 911.6439819335938 1037.5137939453125
1138.7491455078125 881.6422119140625 1243.18115234375 1100.6055908203125
1274.3466796875 900.79345703125 1377.0469970703125 1152.568603515625
1740.283447265625 639.1377563476562 1829.5162353515625 890.7991943359375
1600.552001953125 631.637939453125 1670.2998046875 882.1946411132812
1221.150390625 893.7850341796875 1311.2015380859375 1139.055419921875
828.430908203125 441.44781494140625 959.6685180664062 687.9105834960938
1435.9053955078125 911.451171875 1493.37890625 1118.8349609375
2062.568603515625 506.21533203125 2198.5771484375 729.3905029296875
