1598.90087890625 503.6250305175781 1675.8646240234375 773.0433959960938
1829.5067138671875 521.9375 1941.31689453125 742.9298706054688
894.40673828125 504.15863037109375 994.2946166992188 720.6118774414062
992.6635131835938 546.2588500976562 1097.84228515625 759.3828125
1634.971435546875 820.0310668945312 1735.6104736328125 1043.2835693359375
1703.3577880859375 811.3944702148438 1832.1544189453125 1014.0762939453125
1094.380859375 549.763427734375 1160.2576904296875 770.6422729492188
1287.8759765625 569.5774536132812 1359.2578125 781.0227661132812
1435.23876953125 561.4593505859375 1518.13916015625 782.3572387695312
1525.136474609375 547.051513671875 1598.131591796875 776.314697265625
1784.441162109375 793.5818481445312 1975.7825927734375 993.6551513671875
1750.37841796875 510.3168640136719 1832.8870849609375 758.306640625
1356.5845947265625 558.4716796875 1431.808837890625 786.9237060546875
1674.906982421875 524.517822265625 1757.8505859375 763.2579345703125
1152.4969482421875 561.9039916992188 1229.0234375 777.4203491210938
1213.37109375 547.1146850585938 1294.815185546875 780.6535034179688
1336.8431396484375 815.114990234375 1391.324951171875 1020.7179565429688
785.028564453125 764.1722412109375 1032.0340576171875 940.2266235351562
1936.3443603515625 495.9427490234375 2057.084716796875 721.8922119140625
1391.4449462890625 819.3965454101562 1441.1270751953125 1013.24462890625
1267.1529541015625 809.7434692382812 1336.7896728515625 1036.2630615234375
1117.4666748046875 818.3019409179688 1204.3360595703125 1003.8914794921875
1443.810546875 816.6353149414062 1506.8729248046875 1015.3568725585938
1017.41650390625 813.3270263671875 1127.1463623046875 891.5947265625
1502.0228271484375 820.5946044921875 1571.75439453125 1031.5478515625
1195.483642578125 822.3698120117188 1274.4071044921875 1035.496826171875
1912.19189453125 740.6043701171875 2125.62451171875 951.0690307617188
1563.9705810546875 818.2066650390625 1644.968017578125 949.0845947265625
750.5839233398438 828.4697875976562 899.9629516601562 933.866455078125
878.0753173828125 766.5189208984375 1031.58203125 933.6599731445312
