1471.6453857421875 585.0004272460938 1571.235595703125 834.956298828125
1246.55810546875 857.3067016601562 1322.42919921875 1134.2899169921875
1289.177978515625 583.0313110351562 1372.2838134765625 824.3152465820312
750.7539672851562 772.734619140625 962.1616821289062 1006.8008422851562
1039.091064453125 557.9413452148438 1129.3544921875 794.7615356445312
2005.8096923828125 511.72125244140625 2177.17333984375 740.3594970703125
1164.8406982421875 870.8450927734375 1244.92041015625 1100.9351806640625
796.7235107421875 520.7550659179688 935.4029541015625 742.0592041015625
1116.109619140625 559.47607421875 1217.777587890625 808.9140625
1205.33251953125 530.87841796875 1286.337890625 824.5738525390625
1574.257568359375 865.1868896484375 1654.0260009765625 1132.9686279296875
1655.7960205078125 875.8834838867188 1739.6240234375 1120.3272705078125
1504.7325439453125 865.7083129882812 1572.370361328125 1094.298095703125
916.8948974609375 535.9920043945312 1060.3714599609375 774.2493896484375
1661.324462890625 505.4962463378906 1754.6566162109375 823.08984375
1839.6263427734375 552.8270263671875 1921.466064453125 793.9130859375
1734.4381103515625 873.940673828125 1844.0970458984375 1088.1727294921875
2040.14013671875 395.9706726074219 2209.794921875 575.2029418945312
1075.6365966796875 868.7749633789062 1167.052734375 1084.6705322265625
1824.1328125 835.4725341796875 2034.2586669921875 1082.6259765625
1899.919189453125 537.862060546875 2053.123046875 775.5270385742188
1373.68994140625 580.8026733398438 1468.2952880859375 833.5048217773438
883.19677734375 829.2306518554688 1089.9188232421875 1074.0556640625
1445.374755859375 867.4397583007812 1502.3616943359375 1087.636962890625
1322.4039306640625 865.5708618164062 1386.9249267578125 1088.593994140625
1386.0057373046875 868.7334594726562 1443.2066650390625 1076.2191162109375
1572.528076171875 563.7804565429688 1662.7230224609375 825.6444702148438
748.6546630859375 463.6833801269531 901.0282592773438 619.0182495117188
634.53369140625 782.98681640625 795.3414916992188 941.1484985351562
1747.6431884765625 541.9505615234375 1843.8974609375 810.5895385742188
