1608.224365234375 824.3633422851562 1688.77783203125 1083.72265625
868.524169921875 527.001708984375 983.4364013671875 757.3950805664062
1740.830810546875 513.5040283203125 1840.0025634765625 769.4950561523438
1452.347900390625 547.72119140625 1533.535888671875 791.7810668945312
1528.901611328125 823.3251342773438 1606.843994140625 1086.88037109375
1376.3299560546875 552.4227294921875 1452.8743896484375 792.6442260742188
1689.2939453125 814.3056640625 1780.3590087890625 1071.0042724609375
1583.987548828125 500.8046875 1670.7001953125 775.4685668945312
1170.3636474609375 514.7498168945312 1248.188720703125 785.2938842773438
1246.3409423828125 515.421630859375 1319.072265625 788.7994995117188
1660.57080078125 533.7708129882812 1751.2135009765625 775.5794677734375
959.7984619140625 528.493408203125 1096.74755859375 739.617919921875
1147.4932861328125 810.7100219726562 1223.9947509765625 1088.3984375
1320.8740234375 554.189208984375 1380.661865234375 790.9505004882812
1089.951171875 532.8067626953125 1177.8662109375 775.6428833007812
1520.6094970703125 538.5541381835938 1590.0511474609375 783.3644409179688
906.7039794921875 770.5213623046875 1129.475830078125 993.7142944335938
1420.4010009765625 829.720703125 1473.40625 1039.762939453125
1225.1005859375 812.115234375 1302.0478515625 1088.9482421875
1974.4332275390625 501.9456481933594 2087.5283203125 761.9994506835938
1870.4012451171875 834.4523315429688 2030.72119140625 956.878173828125
1815.6539306640625 536.6506958007812 1904.7850341796875 688.3137817382812
1303.5655517578125 819.673828125 1365.2933349609375 1074.7310791015625
1366.4188232421875 832.482177734375 1419.0655517578125 1048.09375
1901.403076171875 512.0729370117188 1978.281494140625 690.3179321289062
1472.7744140625 827.7345581054688 1530.5350341796875 1032.436279296875
