1457.8704833984375 492.8675231933594 1556.2755126953125 788.1907958984375
1005.318359375 769.3130493164062 1187.4761962890625 1031.224609375
1272.060302734375 497.80462646484375 1355.3819580078125 774.8387451171875
862.7030639648438 460.8562316894531 994.6265258789062 698.85791015625
1749.8651123046875 771.6318969726562 1958.4476318359375 1049.769287109375
1898.67578125 736.79150390625 2058.47265625 980.27294921875
983.5443725585938 466.5714111328125 1111.8653564453125 716.9567260742188
2043.76904296875 753.6671142578125 2249.229248046875 905.5287475585938
1109.279296875 468.3786926269531 1195.32421875 730.2554931640625
1806.2496337890625 462.3813781738281 1936.6673583984375 721.0747680664062
897.070556640625 746.2645263671875 1053.892578125 987.9702758789062
1524.3841552734375 808.4851684570312 1593.055908203125 1022.65478515625
1554.10009765625 503.8550720214844 1642.7569580078125 770.4605712890625
1932.5594482421875 456.62530517578125 2060.791259765625 699.7618408203125
1354.61279296875 485.909912109375 1453.5426025390625 786.5458374023438
1466.23583984375 817.0340576171875 1525.3643798828125 1017.3110961914062
1599.396240234375 809.9606323242188 1678.68505859375 1077.4990234375
714.4415283203125 771.4207153320312 912.1341552734375 923.6775512695312
1408.4356689453125 815.2713623046875 1463.01904296875 1018.9135131835938
1189.993896484375 444.1050109863281 1276.653564453125 761.5477905273438
1257.5673828125 800.8029174804688 1337.1834716796875 1070.7806396484375
2014.75634765625 457.6056213378906 2164.129150390625 669.7002563476562
785.2501220703125 437.56683349609375 920.5654296875 627.9412231445312
1337.3353271484375 810.7908935546875 1406.3460693359375 1026.6788330078125
1630.8187255859375 445.2821960449219 1724.7779541015625 756.3656005859375
1718.4229736328125 482.90277099609375 1808.6689453125 736.0890502929688
1664.7442626953125 800.125 1783.650146484375 1055.877197265625
1163.525634765625 796.579345703125 1263.3743896484375 1043.5362548828125
