762.4993286132812 440.7447509765625 874.8217163085938 698.4334106445312
1913.302734375 752.9130249023438 2090.724609375 1007.1677856445312
1096.069580078125 458.63653564453125 1178.0487060546875 731.0640258789062
868.8287963867188 454.9535217285156 985.0380859375 722.0182495117188
1573.4129638671875 450.3663330078125 1646.2672119140625 727.7409057617188
1119.5572509765625 751.212158203125 1227.6876220703125 1020.6992797851562
1221.0499267578125 752.4158325195312 1288.6629638671875 986.3845825195312
857.3961791992188 733.4901123046875 1029.9794921875 984.2123413085938
2074.85205078125 453.2521057128906 2205.506103515625 729.3411254882812
1354.109130859375 744.516845703125 1408.209228515625 958.8430786132812
2042.125 725.4229736328125 2247.6484375 946.0016479492188
1513.222412109375 755.1878662109375 1570.15673828125 968.1371459960938
1695.9189453125 770.424072265625 1810.2225341796875 1019.7545776367188
1571.1761474609375 760.886474609375 1640.427734375 1020.79833984375
1167.5555419921875 473.47052001953125 1255.859130859375 726.9283447265625
1289.9776611328125 745.8876342773438 1353.46484375 1006.367919921875
971.2618408203125 474.8412170410156 1103.5384521484375 732.2849731445312
1770.3800048828125 759.9107055664062 1965.994384765625 1026.3663330078125
716.7703247070312 702.0939331054688 909.4528198242188 919.8104858398438
1852.598876953125 471.45361328125 2012.09228515625 754.5488891601562
1633.366943359375 768.5307006835938 1713.0201416015625 1012.3037109375
995.3012084960938 743.702392578125 1154.9237060546875 992.7626342773438
1313.95263671875 448.8158264160156 1396.079345703125 719.93359375
1714.518310546875 472.7019958496094 1808.080078125 739.4360961914062
1457.757080078125 753.9627075195312 1511.8199462890625 962.3580322265625
1986.1214599609375 633.7910766601562 2092.00390625 747.8844604492188
1642.305419921875 432.6959228515625 1753.51318359375 737.9179077148438
1407.108642578125 755.88037109375 1458.6109619140625 959.1304931640625
1218.9696044921875 426.7313232421875 1318.955322265625 721.301025390625
1395.4071044921875 595.1615600585938 1485.990478515625 722.5127563476562
1477.5885009765625 435.01495361328125 1576.1387939453125 722.8607177734375
1786.15673828125 468.24078369140625 1879.5709228515625 749.9786987304688
1984.411865234375 550.8436889648438 2092.506591796875 749.471435546875
