1864.3955078125 759.5280151367188 2074.13525390625 996.4716186523438
1027.98583984375 506.9673156738281 1120.845947265625 773.885498046875
737.5082397460938 378.1058349609375 864.5209350585938 561.0775756835938
1767.925537109375 797.0127563476562 1907.4290771484375 1017.9276733398438
1112.6650390625 532.3842163085938 1217.34619140625 803.310302734375
1683.9202880859375 822.1228637695312 1817.619140625 1068.7540283203125
2065.113525390625 367.8771057128906 2237.4892578125 538.0408325195312
1380.445068359375 544.6928100585938 1479.2705078125 840.2048950195312
1659.461669921875 467.6562194824219 1751.4208984375 810.675537109375
764.9899291992188 720.3954467773438 944.0167846679688 967.5464477539062
1148.0682373046875 837.6221923828125 1248.605712890625 1096.91357421875
1574.22216796875 542.3549194335938 1665.29052734375 820.719970703125
882.8177490234375 778.0565185546875 1075.3885498046875 1034.31494140625
1833.4991455078125 515.7904052734375 1938.514404296875 771.912353515625
1478.6983642578125 546.1687622070312 1579.5853271484375 840.6890258789062
1240.6224365234375 845.8591918945312 1337.922119140625 1131.9140625
1199.9912109375 491.2833557128906 1296.363037109375 820.7186889648438
901.683837890625 485.81085205078125 1038.574462890625 746.6040649414062
1594.0914306640625 827.72265625 1721.367431640625 1113.436767578125
1054.32275390625 814.0472412109375 1165.1129150390625 1048.9813232421875
1338.4140625 864.3477783203125 1404.67041015625 1083.838134765625
1748.76123046875 522.9341430664062 1851.593505859375 791.4451293945312
1525.5693359375 856.0704956054688 1597.6363525390625 1059.77880859375
1912.90625 460.1353454589844 2055.634765625 728.9454956054688
2011.270263671875 448.7613525390625 2174.337158203125 690.9661865234375
2005.8316650390625 711.1353149414062 2183.097412109375 945.556396484375
1467.4276123046875 864.7454833984375 1529.4459228515625 1052.0899658203125
1298.0745849609375 527.2879028320312 1384.478271484375 827.2845458984375
2147.204345703125 718.68212890625 2325.21826171875 878.9585571289062
789.901611328125 468.92852783203125 947.8495483398438 707.339111328125
641.4078979492188 683.3998413085938 802.05908203125 852.995849609375
1406.306884765625 866.892578125 1467.0936279296875 1059.000244140625
