1878.93798828125 797.617431640625 2055.55859375 1018.5266723632812
1819.1072998046875 526.119873046875 1943.6710205078125 771.5355224609375
850.9107666015625 520.03173828125 974.5985717773438 737.6734008789062
1670.5350341796875 834.2482299804688 1776.9241943359375 1053.91064453125
1604.615478515625 847.12109375 1686.234375 1076.0445556640625
893.5612182617188 778.4913940429688 1049.6004638671875 999.1102905273438
1286.3836669921875 847.7877197265625 1356.83984375 1080.5189208984375
1304.65869140625 567.127197265625 1371.7294921875 807.9678344726562
1233.3663330078125 516.086669921875 1308.3441162109375 792.0758666992188
735.4031982421875 749.8955688476562 918.2354736328125 920.2058715820312
1746.0081787109375 819.6946411132812 1925.723388671875 1042.1597900390625
1938.71875 537.3396606445312 2064.105224609375 759.688720703125
2005.472412109375 765.1046142578125 2167.821533203125 956.0150756835938
1487.4781494140625 854.66845703125 1543.235107421875 1063.2591552734375
1369.480224609375 551.9683837890625 1450.155029296875 820.5882568359375
1148.8123779296875 823.3430786132812 1240.0267333984375 1023.9107666015625
970.5213623046875 523.9613037109375 1088.501953125 751.5953369140625
987.30517578125 806.2047119140625 1166.5782470703125 1032.2091064453125
1746.8333740234375 541.2063598632812 1825.267822265625 768.2007446289062
1081.822509765625 527.7943115234375 1159.73974609375 751.2473754882812
1594.1810302734375 530.7578125 1673.1900634765625 812.8938598632812
1210.28466796875 838.7258911132812 1302.5565185546875 1054.21044921875
1157.4752197265625 500.6347961425781 1239.80859375 761.5928955078125
773.5073852539062 516.0030517578125 886.6591796875 702.9314575195312
2039.2423095703125 521.0482177734375 2151.054443359375 733.248291015625
1661.4383544921875 528.1168823242188 1750.7301025390625 791.8977661132812
1357.6197509765625 842.8014526367188 1413.2784423828125 1059.1475830078125
1525.77783203125 582.232177734375 1598.384033203125 817.3746948242188
1451.2535400390625 563.1593017578125 1528.211669921875 828.673583984375
1401.949462890625 850.6876220703125 1451.8765869140625 1050.4698486328125
1536.78515625 849.7388305664062 1606.551025390625 1103.603515625
1447.331787109375 858.71044921875 1490.0828857421875 1045.6466064453125
