828.5244750976562 712.3080444335938 1022.7767333984375 952.331787109375
1084.5208740234375 490.78521728515625 1173.810546875 730.7715454101562
1394.205810546875 513.7251586914062 1481.7001953125 809.1099243164062
953.0225830078125 481.6573486328125 1090.64013671875 717.13525390625
1956.845703125 752.05810546875 2133.557861328125 991.9464111328125
1572.9080810546875 542.1968994140625 1646.4976806640625 805.1644287109375
1805.461181640625 519.1661987304688 1892.26513671875 772.6761474609375
1725.6871337890625 809.6367797851562 1842.1322021484375 1043.770751953125
1817.972412109375 791.403564453125 2004.2852783203125 1033.26025390625
1356.3035888671875 835.0018920898438 1424.759765625 1054.30224609375
1644.724365234375 508.5334167480469 1726.7666015625 805.4818115234375
962.60107421875 752.1250610351562 1141.4459228515625 967.9237670898438
1159.141845703125 474.3132019042969 1256.6434326171875 740.490966796875
2016.5557861328125 482.3701477050781 2153.924072265625 729.90087890625
1658.2169189453125 821.6295166015625 1758.358642578125 1064.493408203125
1597.414794921875 840.7798461914062 1673.569580078125 1080.144287109375
1482.04736328125 524.3473510742188 1571.9722900390625 814.4005737304688
1323.2037353515625 525.8251953125 1396.6328125 787.3497924804688
1720.48974609375 521.2428588867188 1809.9869384765625 783.3145141601562
690.2081909179688 656.3547973632812 878.7615356445312 850.01318359375
1245.9000244140625 468.93963623046875 1326.5489501953125 779.5491333007812
1889.162353515625 518.26123046875 2019.795166015625 758.0083618164062
814.9715576171875 452.3258056640625 956.1245727539062 695.29150390625
1256.7100830078125 811.2493896484375 1363.4356689453125 1064.6142578125
1177.4825439453125 789.2434692382812 1300.002197265625 1030.2412109375
1536.592529296875 840.6797485351562 1597.97119140625 1058.321044921875
1424.4913330078125 835.7965698242188 1480.1563720703125 1031.66796875
1476.775390625 836.708740234375 1535.5673828125 1031.0123291015625
1101.4759521484375 770.762451171875 1243.6668701171875 1008.62548828125
