1990.1480712890625 515.837890625 2107.900634765625 767.1423950195312
867.0941162109375 500.9039001464844 980.7741088867188 770.411376953125
1398.15185546875 558.111083984375 1484.676025390625 867.8589477539062
1936.4647216796875 795.9986572265625 2113.940185546875 1039.6456298828125
1735.2677001953125 864.14892578125 1864.292236328125 1085.66796875
775.5171508789062 469.8196105957031 912.8068237304688 717.7413330078125
1212.7275390625 865.294189453125 1293.171630859375 1114.9561767578125
1587.8359375 881.6568603515625 1709.4794921875 1147.458984375
2074.400634765625 504.3775634765625 2210.29150390625 731.027587890625
1719.6746826171875 589.7802124023438 1810.700927734375 839.2047119140625
1881.3421630859375 573.3851928710938 2001.0673828125 791.7461547851562
1527.656005859375 889.8174438476562 1597.493896484375 1097.493896484375
797.28662109375 772.05908203125 1009.3988037109375 957.632568359375
1641.257080078125 551.7250366210938 1723.5029296875 844.8207397460938
1484.7904052734375 574.1400756835938 1571.6689453125 862.0847778320312
1814.682861328125 829.0419311523438 1997.706298828125 1064.0615234375
1092.0126953125 574.7715454101562 1176.31591796875 797.6517944335938
1655.6405029296875 873.2205810546875 1771.1268310546875 1099.5013427734375
1250.8975830078125 541.8007202148438 1328.4625244140625 826.0007934570312
1273.102783203125 871.4078979492188 1367.615478515625 1126.826416015625
942.0398559570312 820.6929321289062 1129.7860107421875 1040.444580078125
1573.04541015625 587.6468505859375 1645.9774169921875 850.2219848632812
1798.810791015625 576.6577758789062 1886.7391357421875 819.3026733398438
1353.2008056640625 888.2799072265625 1430.401123046875 1092.940673828125
1167.2244873046875 566.322998046875 1255.81298828125 815.0887451171875
975.1299438476562 559.9368896484375 1097.059326171875 790.4183959960938
1139.0849609375 846.6154174804688 1225.2764892578125 1087.1378173828125
1421.0948486328125 891.4697265625 1480.97998046875 1079.4456787109375
1329.325927734375 590.0546875 1399.62939453125 848.9522705078125
2059.33544921875 752.0301513671875 2233.921142578125 956.1976928710938
1478.6522216796875 888.4867553710938 1537.14697265625 1077.8038330078125
