2095.29150390625 542.7420043945312 2229.998046875 758.1776123046875
1215.0880126953125 863.3446044921875 1289.866455078125 1110.013671875
1875.9815673828125 567.3211059570312 2001.62158203125 819.01904296875
994.1259155273438 840.2496337890625 1158.8487548828125 1087.7215576171875
1102.86376953125 583.2403564453125 1184.0858154296875 823.9993286132812
2056.0322265625 772.2940063476562 2234.609130859375 994.35888671875
1717.276123046875 579.4577026367188 1806.6419677734375 839.1414184570312
991.645263671875 572.1680908203125 1108.681396484375 821.3905639648438
1177.4234619140625 582.838623046875 1261.170166015625 837.9502563476562
1242.707763671875 544.72802734375 1331.367431640625 842.34130859375
1994.45654296875 550.1763916015625 2122.212890625 797.6887817382812
1355.192626953125 865.2102661132812 1413.55419921875 1093.9368896484375
1284.0777587890625 865.300537109375 1355.689208984375 1133.734619140625
1914.38330078125 820.4598388671875 2111.681884765625 1064.3580322265625
1331.17333984375 563.5029907226562 1404.32958984375 833.3043212890625
876.778076171875 569.6011962890625 992.2139282226562 804.1221923828125
1570.1212158203125 571.595458984375 1643.8328857421875 831.3541259765625
1773.878662109375 842.8762817382812 1966.293701171875 1106.4957275390625
873.384521484375 813.4189453125 1035.2908935546875 1044.0997314453125
1483.288818359375 557.3419189453125 1569.955810546875 840.1738891601562
1401.4493408203125 563.4452514648438 1486.7353515625 841.8710327148438
1458.578125 868.9908447265625 1510.947021484375 1082.2354736328125
1641.99853515625 529.5908813476562 1732.22265625 838.1369018554688
1794.034423828125 566.2133178710938 1882.1805419921875 829.0640869140625
781.06201171875 569.541015625 893.8028564453125 796.5223999023438
1693.68408203125 860.3228759765625 1795.1287841796875 1114.933837890625
1142.025634765625 856.917724609375 1224.8426513671875 1095.2982177734375
1408.2896728515625 872.3132934570312 1459.1082763671875 1083.10205078125
1565.4058837890625 863.5738525390625 1638.37353515625 1139.6729736328125
1509.16064453125 865.3416137695312 1567.0587158203125 1106.7203369140625
1632.6922607421875 863.20654296875 1708.875732421875 1119.1671142578125
