1682.4375 886.9905395507812 1767.7281494140625 1139.93115234375
954.5270385742188 551.2051391601562 1076.4930419921875 810.7318115234375
838.5409545898438 537.527099609375 987.4386596679688 782.6375122070312
1987.5819091796875 546.1420288085938 2119.351806640625 799.7362670898438
1381.2763671875 597.3153686523438 1468.9658203125 864.8123168945312
962.7453002929688 833.3228759765625 1140.9752197265625 1084.1680908203125
1207.4560546875 866.8986206054688 1288.9515380859375 1112.9744873046875
1837.7529296875 847.2737426757812 2034.89892578125 1116.1214599609375
1875.501708984375 562.0852661132812 2002.883056640625 827.8197631835938
1542.34228515625 887.9328002929688 1607.287841796875 1123.318603515625
828.40673828125 796.7507934570312 1010.4784545898438 1012.9132690429688
1757.0640869140625 883.3333129882812 1867.52734375 1140.9217529296875
1364.1490478515625 893.1578369140625 1425.1060791015625 1126.16796875
1469.6279296875 589.1790161132812 1561.5068359375 864.3717651367188
1609.27880859375 888.3245849609375 1682.67919921875 1154.177734375
1483.863037109375 893.0093383789062 1541.253662109375 1097.8369140625
1118.8970947265625 861.1868286132812 1215.4615478515625 1115.2021484375
1150.2757568359375 570.720947265625 1231.1251220703125 835.1541137695312
1630.611083984375 549.7152099609375 1713.8916015625 866.5104370117188
1282.083984375 879.5982666015625 1361.131103515625 1149.744384765625
1965.8372802734375 804.6755981445312 2182.887939453125 1057.4017333984375
1231.18896484375 545.5865478515625 1312.053955078125 848.6883544921875
791.5489501953125 424.4192810058594 910.3555908203125 665.1937866210938
1427.016845703125 897.128173828125 1484.18359375 1102.1937255859375
1707.2501220703125 572.9886474609375 1799.5152587890625 857.900634765625
644.6968994140625 801.3555297851562 860.294677734375 936.0081787109375
1790.6788330078125 579.3290405273438 1880.649169921875 843.4113159179688
1313.4219970703125 604.524169921875 1383.2471923828125 852.2169799804688
1073.41748046875 556.8668212890625 1155.5135498046875 823.9486083984375
1557.9464111328125 608.5789794921875 1635.2896728515625 857.9229736328125
