824.7835083007812 512.283935546875 940.8892822265625 766.5140991210938
1931.67822265625 758.6947631835938 2109.4814453125 980.2940063476562
1804.9300537109375 505.2823791503906 1900.599609375 760.2362670898438
988.7398071289062 796.8306274414062 1116.7635498046875 1053.406494140625
2056.456298828125 297.6371765136719 2219.7880859375 583.629150390625
1118.0447998046875 530.6681518554688 1208.318603515625 777.214599609375
1892.3990478515625 472.1458740234375 2027.25244140625 750.8170166015625
1705.4080810546875 797.3248291015625 1808.5389404296875 1036.3079833984375
1790.8408203125 780.532958984375 1969.810791015625 1027.68212890625
2012.7913818359375 471.7761535644531 2160.6806640625 731.4525756835938
866.6045532226562 790.70849609375 996.3519897460938 1013.4368896484375
2082.6357421875 715.5537719726562 2275.778564453125 922.0977172851562
1616.124267578125 795.87841796875 1710.5162353515625 1043.091552734375
1477.33642578125 799.853515625 1540.653564453125 1016.0819702148438
719.6034545898438 508.3963623046875 830.897216796875 729.51708984375
939.0029907226562 525.6161499023438 1052.7310791015625 771.6680297851562
1535.9344482421875 785.4645385742188 1623.2587890625 1058.7440185546875
679.099853515625 785.0504760742188 864.7861938476562 927.6558227539062
1537.4063720703125 498.5176086425781 1620.435546875 764.9075927734375
1181.60546875 484.7229919433594 1293.3824462890625 775.87841796875
1445.512939453125 535.7190551757812 1538.4466552734375 756.7468872070312
1359.0859375 505.2731628417969 1447.5025634765625 750.5770874023438
1112.54541015625 800.7156982421875 1191.8427734375 1027.3338623046875
1615.869384765625 471.0679931640625 1720.2099609375 787.8599243164062
1713.056884765625 528.989990234375 1814.677734375 769.1307373046875
1185.5135498046875 805.1815185546875 1260.893310546875 1038.243408203125
1279.916015625 491.6767883300781 1368.389892578125 762.4714965820312
1334.050048828125 797.7671508789062 1391.597900390625 1020.0848999023438
1383.7044677734375 802.5877685546875 1432.3507080078125 1017.6851196289062
1261.83935546875 802.3775024414062 1337.0748291015625 1057.028564453125
1044.8035888671875 530.8552856445312 1122.572021484375 769.87353515625
1431.4415283203125 802.2083129882812 1479.69873046875 1008.005126953125
