855.3048706054688 473.0037536621094 962.46240234375 726.3152465820312
836.6209106445312 778.0972290039062 1001.0828247070312 1033.8995361328125
732.0289306640625 783.2642822265625 883.3104248046875 973.3778076171875
1284.9854736328125 825.1959838867188 1357.4061279296875 1157.3828125
1391.9456787109375 522.793212890625 1473.6683349609375 813.3284301757812
1710.774169921875 850.0 1820.8369140625 1137.1416015625
1475.6925048828125 520.1837158203125 1561.527099609375 808.2611694335938
1984.4808349609375 499.3014831542969 2104.45751953125 756.603759765625
961.9148559570312 492.9887390136719 1070.34130859375 743.8543701171875
1635.82861328125 489.0046081542969 1713.3441162109375 804.9071044921875
951.482177734375 810.6860961914062 1132.6026611328125 1087.648193359375
1801.9893798828125 830.0266723632812 2001.787841796875 1111.991943359375
1944.68701171875 810.13330078125 2135.0654296875 1065.88134765625
1865.5972900390625 508.7605285644531 2005.7607421875 775.8695678710938
1562.6427001953125 520.3117065429688 1636.5853271484375 797.1021118164062
759.424072265625 492.2215576171875 864.3764038085938 719.823974609375
1209.9825439453125 849.3015747070312 1284.372314453125 1115.8577880859375
1354.537841796875 842.0826416015625 1414.1329345703125 1099.4517822265625
1105.1072998046875 842.9410400390625 1212.1956787109375 1107.7401123046875
1704.418701171875 513.69921875 1798.939208984375 798.33935546875
1152.4420166015625 506.66729736328125 1251.5286865234375 777.0648803710938
1780.4063720703125 520.4066162109375 1877.3199462890625 794.7313232421875
1635.631591796875 853.8740234375 1720.2333984375 1139.3846435546875
1242.71533203125 507.8487548828125 1318.2135009765625 795.8955078125
1319.4163818359375 518.2046508789062 1392.3306884765625 795.6500854492188
1405.007568359375 847.82763671875 1460.2999267578125 1085.088623046875
1456.467041015625 848.774169921875 1508.1629638671875 1084.362548828125
2089.329345703125 499.15667724609375 2214.49560546875 752.4872436523438
1563.1656494140625 848.4925537109375 1635.68359375 1152.473876953125
1067.964111328125 487.4062194824219 1163.19189453125 772.5411987304688
1506.792236328125 849.5665283203125 1568.839111328125 1107.3759765625
