1702.70166015625 823.829833984375 1825.6573486328125 1080.853759765625
786.38916015625 529.6112670898438 925.3287963867188 792.5252075195312
2070.7236328125 763.07861328125 2290.674072265625 941.8512573242188
1288.4091796875 561.9798583984375 1378.20556640625 809.6145629882812
1691.349853515625 530.7258911132812 1782.5447998046875 797.9425659179688
1048.7052001953125 542.7685546875 1141.35595703125 807.50048828125
1931.417236328125 784.4135131835938 2102.501953125 1013.3369140625
909.4617309570312 538.2799682617188 1059.2083740234375 801.5833129882812
954.81396484375 826.258544921875 1138.246826171875 1081.8778076171875
1129.6904296875 548.9592895507812 1227.298095703125 816.1636962890625
2108.52099609375 522.652099609375 2227.85693359375 739.8267822265625
807.5086669921875 813.9277954101562 991.5595092773438 1043.4022216796875
1774.9598388671875 523.9329223632812 1862.14404296875 784.8253173828125
1855.970458984375 523.8115844726562 1990.70263671875 774.3619995117188
1609.68603515625 497.8401794433594 1698.7633056640625 813.541015625
1204.4964599609375 524.6708984375 1298.807373046875 823.4708251953125
1367.508056640625 521.4832153320312 1460.3193359375 822.0278930664062
1984.9254150390625 530.5918579101562 2113.43310546875 759.27880859375
1568.3609619140625 852.697021484375 1696.400390625 1095.873046875
1781.911376953125 804.3483276367188 1987.02001953125 1049.0350341796875
652.7989501953125 513.9846801757812 794.904541015625 776.8428955078125
1458.75927734375 519.6861572265625 1543.592041015625 813.881591796875
1118.6783447265625 838.302490234375 1219.4813232421875 1093.465576171875
1632.8028564453125 833.0350341796875 1758.529541015625 1076.0654296875
587.0188598632812 798.0731811523438 839.6452026367188 975.6005859375
1196.6673583984375 851.1869506835938 1287.5443115234375 1089.1119384765625
1365.6053466796875 855.115966796875 1433.40087890625 1056.680419921875
1533.87744140625 555.2900390625 1612.0899658203125 806.6100463867188
1281.2618408203125 859.4885864257812 1364.718505859375 1109.466064453125
1489.462646484375 849.506103515625 1546.406982421875 1046.514892578125
1433.731201171875 857.0880737304688 1491.17578125 1041.2186279296875
1521.2813720703125 825.4490966796875 1598.603515625 1042.7686767578125
1466.3599853515625 851.9957885742188 1515.65478515625 1042.7860107421875
