861.1693725585938 782.1373901367188 1094.11181640625 1008.772216796875
1016.6839599609375 838.1781616210938 1212.66943359375 1049.86962890625
1817.9627685546875 564.4365234375 1932.2274169921875 794.2874145507812
1760.7962646484375 812.9130249023438 1954.9315185546875 1049.856201171875
1919.952880859375 512.515625 2033.6671142578125 770.2749633789062
948.9232177734375 516.4612426757812 1061.112548828125 764.8739624023438
1058.5159912109375 555.4334716796875 1158.3150634765625 795.1578979492188
1479.2921142578125 595.5534057617188 1554.2567138671875 848.2919311523438
1309.3309326171875 864.674560546875 1386.5068359375 1097.85888671875
1277.706787109375 555.65380859375 1353.470703125 838.4212646484375
1523.2476806640625 871.6820068359375 1575.003662109375 1073.5047607421875
1679.6571044921875 572.2685546875 1757.2099609375 835.486328125
1880.2979736328125 774.9884643554688 2107.44384765625 991.190673828125
1634.7481689453125 866.8560791015625 1724.3587646484375 1082.4205322265625
1431.36865234375 878.7416381835938 1476.92724609375 1050.243408203125
1146.0050048828125 559.89453125 1227.02978515625 813.9752197265625
1240.229248046875 863.25439453125 1327.20849609375 1070.0682373046875
1614.1585693359375 550.0346069335938 1685.8980712890625 841.5888671875
1214.7672119140625 570.4521484375 1293.5821533203125 828.3125610351562
1551.2720947265625 615.7701416015625 1619.1253662109375 842.944580078125
1407.9635009765625 597.6019287109375 1479.384765625 848.455078125
1748.991455078125 557.9193115234375 1828.1241455078125 817.4389038085938
779.7997436523438 731.989501953125 973.9343872070312 909.6734619140625
1572.0655517578125 867.6620483398438 1652.351806640625 1110.4281005859375
1161.16748046875 848.5450439453125 1274.517333984375 1057.398681640625
1352.6318359375 603.1487426757812 1409.828857421875 837.7278442382812
1694.5609130859375 850.7037353515625 1832.443115234375 1068.601318359375
1384.925048828125 871.4486083984375 1433.471923828125 1067.653564453125
1476.242919921875 875.5244750976562 1523.4752197265625 1060.8646240234375
851.7697143554688 492.938232421875 976.51806640625 722.5181274414062
