1985.4954833984375 532.4025268554688 2121.58154296875 776.7826538085938
2063.2060546875 790.3196411132812 2214.34716796875 999.07958984375
2071.5712890625 482.593994140625 2180.4052734375 679.7858276367188
1288.494873046875 607.706298828125 1368.4072265625 870.5733032226562
785.1566162109375 832.994384765625 972.7359008789062 1064.8956298828125
1472.052734375 602.8419799804688 1569.409423828125 882.6942749023438
1109.1104736328125 582.7549438476562 1213.98876953125 845.4378662109375
1920.162841796875 820.4762573242188 2140.881103515625 1051.7838134765625
1880.5469970703125 566.4567260742188 2015.9219970703125 816.1021728515625
1642.5599365234375 894.0609741210938 1748.7113037109375 1123.43359375
1159.160888671875 888.85205078125 1252.1053466796875 1123.79931640625
797.6121215820312 463.7021179199219 904.4970703125 642.1060180664062
1569.216064453125 613.63037109375 1651.47998046875 874.8847045898438
935.915771484375 851.1956176757812 1095.445068359375 1079.0560302734375
1058.6966552734375 873.6117553710938 1179.147216796875 1108.82666015625
1816.4271240234375 887.7155151367188 1973.48291015625 1091.2098388671875
661.050048828125 823.2738037109375 835.5858154296875 975.8861694335938
1720.7352294921875 874.5524291992188 1863.44140625 1115.3734130859375
1497.6524658203125 919.7708740234375 1564.45556640625 1116.8580322265625
1804.7763671875 567.8754272460938 1890.542724609375 824.755615234375
1369.654052734375 602.4505615234375 1471.025634765625 884.61669921875
1564.2120361328125 906.5189208984375 1653.1019287109375 1149.876220703125
1726.177734375 577.5245971679688 1817.0283203125 838.003173828125
864.595947265625 590.5392456054688 995.1583251953125 808.9617919921875
1652.1461181640625 561.821044921875 1731.049560546875 856.3399658203125
1206.6092529296875 584.5863037109375 1288.8580322265625 869.2575073242188
1220.821044921875 912.8034057617188 1313.371826171875 1155.2581787109375
1308.326904296875 909.47998046875 1378.4296875 1125.352783203125
1029.7537841796875 594.9448852539062 1133.8660888671875 822.5386352539062
1434.677978515625 914.0715942382812 1495.50390625 1114.980712890625
1372.4251708984375 912.0125122070312 1431.1270751953125 1109.75341796875
