1078.21923828125 478.21136474609375 1156.54833984375 721.5979614257812
1766.524658203125 472.5446472167969 1844.5380859375 712.9822387695312
1370.107177734375 539.904541015625 1465.0133056640625 792.1209716796875
1936.26611328125 735.9010009765625 2131.44384765625 957.353759765625
1958.01708984375 425.1981506347656 2067.9609375 681.8566284179688
1648.3597412109375 822.9111938476562 1747.780517578125 1043.196533203125
832.8543090820312 429.0184326171875 958.8479614257812 683.632080078125
1727.27490234375 804.8843994140625 1853.8924560546875 1025.635498046875
1609.3406982421875 474.24481201171875 1695.0928955078125 759.780029296875
756.8685913085938 743.7335205078125 969.4478149414062 949.5773315429688
909.2009887695312 793.83837890625 1097.7152099609375 1033.6182861328125
1808.8634033203125 775.6784057617188 2001.145751953125 1018.4553833007812
1683.68994140625 487.28643798828125 1767.819091796875 721.3480224609375
1312.76123046875 547.59912109375 1371.37451171875 780.3053588867188
956.1609497070312 473.1864013671875 1085.623046875 719.7066040039062
1840.4052734375 462.14422607421875 1961.187744140625 705.2982177734375
1233.298095703125 495.4043273925781 1316.734619140625 783.6034545898438
1562.79345703125 822.6259155273438 1656.3804931640625 1057.2353515625
1467.294677734375 528.09912109375 1560.020751953125 794.2230224609375
1553.433349609375 541.6212768554688 1611.527099609375 771.0316162109375
1149.4951171875 510.53704833984375 1238.553955078125 750.6578979492188
1175.471435546875 836.0226440429688 1261.1300048828125 1052.300537109375
1493.8668212890625 820.5545654296875 1558.009765625 1025.265869140625
1261.66259765625 823.3845825195312 1344.2860107421875 1054.413818359375
1092.04541015625 818.2037353515625 1182.916259765625 1041.3427734375
1349.5916748046875 823.4063110351562 1419.3822021484375 1026.2996826171875
1428.783935546875 827.9921875 1489.38427734375 1026.71142578125
