2144.853515625 738.276123046875 2297.056884765625 960.994140625
1988.5572509765625 760.8779907226562 2188.20751953125 1011.8966674804688
926.5505981445312 512.00439453125 1065.1961669921875 783.2750244140625
1632.8123779296875 467.418701171875 1718.0712890625 795.9267578125
1270.125244140625 831.9754638671875 1353.9052734375 1094.5146484375
1284.06591796875 514.3486938476562 1378.0947265625 789.1339721679688
2033.1834716796875 489.17041015625 2174.1806640625 751.8704833984375
1838.6912841796875 785.0455932617188 2018.54052734375 1044.607421875
1898.67724609375 496.8273620605469 2034.921142578125 765.7188720703125
1578.1683349609375 817.1023559570312 1702.31884765625 1101.8193359375
1094.849365234375 817.186279296875 1195.62939453125 1058.0194091796875
1194.2918701171875 819.1386108398438 1279.2939453125 1054.9447021484375
1715.01904296875 529.2545166015625 1808.8609619140625 784.5545043945312
938.418212890625 802.0153198242188 1104.860107421875 1046.863037109375
1183.1119384765625 472.6732177734375 1295.4468994140625 806.058349609375
1547.0009765625 505.27337646484375 1632.0006103515625 780.1634521484375
1354.9422607421875 832.26904296875 1413.9456787109375 1033.5213623046875
1802.72412109375 513.1090087890625 1895.8604736328125 770.380126953125
1458.7069091796875 510.3393249511719 1548.360107421875 790.080322265625
1739.1187744140625 799.9281005859375 1873.5164794921875 1044.8941650390625
1043.85546875 512.9759521484375 1170.017333984375 790.6754150390625
797.4132080078125 511.9952697753906 928.23095703125 792.8938598632812
1468.1341552734375 829.3613891601562 1529.12744140625 1026.1085205078125
1412.4808349609375 835.3505859375 1471.2880859375 1019.4803466796875
1644.286865234375 805.6976318359375 1764.4884033203125 1051.4193115234375
775.0469360351562 808.148681640625 960.2516479492188 957.8412475585938
1366.8997802734375 494.3087463378906 1459.9053955078125 796.2593994140625
1516.6884765625 828.359619140625 1589.488525390625 1034.6932373046875
2148.279296875 499.01226806640625 2253.932861328125 648.4718627929688
609.1373291015625 718.1549682617188 851.43798828125 907.6282958984375
1129.7359619140625 519.3704833984375 1211.9608154296875 791.43896484375
