1842.2626953125 577.2703857421875 1966.419921875 824.9284057617188
1027.3109130859375 586.6183471679688 1105.5096435546875 854.5926513671875
1768.5384521484375 870.068115234375 1953.5250244140625 1113.6904296875
1241.8125 898.1672973632812 1310.29443359375 1146.518310546875
1502.818115234375 617.588134765625 1584.5501708984375 865.6771240234375
1175.1346435546875 576.7676391601562 1254.162353515625 867.2716064453125
918.797607421875 600.08154296875 1031.2823486328125 846.3321533203125
1610.7127685546875 892.2808227539062 1696.7144775390625 1145.869140625
1101.9144287109375 602.4602661132812 1190.4329833984375 865.14794921875
1692.025146484375 885.5206909179688 1798.9090576171875 1138.3985595703125
1165.609619140625 896.9301147460938 1239.9471435546875 1137.7056884765625
1326.7066650390625 603.7329711914062 1415.2889404296875 877.676513671875
1540.333984375 900.2193603515625 1615.9541015625 1156.616455078125
819.41748046875 560.7821044921875 921.0332641601562 804.1575317382812
1582.518798828125 561.7909545898438 1673.831298828125 864.46923828125
804.3572998046875 843.5619506835938 989.0043334960938 1046.4354248046875
1916.972412109375 842.7011108398438 2092.071533203125 1074.85595703125
1425.7802734375 906.2700805664062 1479.4481201171875 1103.07470703125
1256.07763671875 619.5597534179688 1325.2933349609375 868.459716796875
1368.26806640625 906.5194702148438 1424.013427734375 1101.60888671875
1958.0628662109375 552.5498046875 2071.318359375 808.244140625
1752.278564453125 571.5549926757812 1846.611083984375 837.1392822265625
1664.0701904296875 573.904296875 1759.0797119140625 852.57763671875
1313.4326171875 906.5518798828125 1368.18701171875 1103.45556640625
1477.1748046875 907.6329956054688 1542.6435546875 1114.38232421875
1411.4693603515625 600.5646362304688 1506.7381591796875 875.8837280273438
1081.7813720703125 903.6253662109375 1167.356201171875 1103.0267333984375
990.4064331054688 900.213134765625 1085.480224609375 1170.0902099609375
