2057.324462890625 668.2301635742188 2248.260986328125 862.5172729492188
1789.5157470703125 765.3557739257812 1982.82861328125 1000.0632934570312
1930.4771728515625 725.3485107421875 2142.705810546875 926.928955078125
1355.9322509765625 550.4341430664062 1442.6668701171875 802.6470336914062
1285.6275634765625 548.5774536132812 1355.2110595703125 787.1883544921875
1993.563720703125 461.6274108886719 2116.29638671875 712.2401123046875
940.9163818359375 497.5389099121094 1052.765380859375 739.1859130859375
842.31201171875 480.0194396972656 943.2013549804688 719.7356567382812
809.1107788085938 726.5639038085938 998.496826171875 935.6238403320312
1050.337158203125 508.0393981933594 1128.974365234375 755.35498046875
1169.27392578125 805.830078125 1260.4886474609375 1011.6458740234375
961.6051025390625 758.39990234375 1124.67822265625 979.23193359375
1503.8486328125 828.8359985351562 1563.392578125 1011.1177368164062
2093.228271484375 442.955810546875 2225.620361328125 667.7027587890625
1123.2779541015625 512.0634765625 1205.255126953125 772.0848999023438
1219.8922119140625 819.575927734375 1334.9449462890625 1041.7432861328125
1870.656982421875 496.7099304199219 2003.2069091796875 742.7582397460938
1613.4351806640625 479.6461486816406 1706.322998046875 793.3971557617188
1087.406494140625 782.7180786132812 1197.446044921875 998.7783813476562
1630.9940185546875 804.8941650390625 1739.3458251953125 1019.7777099609375
1448.374755859375 546.361328125 1536.123779296875 809.8333129882812
1562.6217041015625 819.2836303710938 1668.861572265625 1053.95361328125
1201.862060546875 498.7635192871094 1283.43115234375 786.4953002929688
1787.7769775390625 510.62548828125 1881.0892333984375 762.1791381835938
1332.654296875 830.9407348632812 1395.9111328125 1008.9557495117188
1705.03955078125 789.7100219726562 1842.8138427734375 1016.0817260742188
734.1521606445312 487.0939025878906 848.3590698242188 711.7162475585938
1390.421630859375 835.2478637695312 1446.593017578125 1003.1813354492188
1533.801025390625 547.76806640625 1612.69091796875 794.2901000976562
1704.2493896484375 534.48095703125 1797.311767578125 774.798583984375
1445.5640869140625 832.636962890625 1503.023681640625 1004.3482666015625
