1754.7335205078125 804.1360473632812 1953.0743408203125 1053.164306640625
1846.5052490234375 518.8827514648438 1969.445556640625 748.5894775390625
1995.5770263671875 718.707275390625 2168.80322265625 921.637451171875
1390.987548828125 514.8768310546875 1471.4442138671875 789.4044189453125
875.672119140625 740.2509155273438 1051.574462890625 943.4345092773438
1687.5283203125 830.840576171875 1833.5853271484375 1063.1627197265625
1097.0325927734375 483.4535217285156 1178.6871337890625 736.2120971679688
992.5068969726562 778.1255493164062 1180.1566162109375 1021.4026489257812
1287.89453125 812.6976318359375 1374.7489013671875 1055.720947265625
1958.647216796875 472.6894836425781 2074.8603515625 718.1575927734375
1167.6182861328125 494.5966491699219 1250.742919921875 748.7930908203125
1771.495849609375 514.9054565429688 1858.7515869140625 767.8466796875
1474.3524169921875 525.0947875976562 1554.3436279296875 797.4458618164062
1885.3065185546875 767.0733032226562 2077.86669921875 995.9865112304688
985.6527709960938 490.7280578613281 1101.64013671875 731.9155883789062
2065.044677734375 446.5691223144531 2186.9931640625 671.658203125
1116.509765625 803.3592529296875 1243.55908203125 1044.896484375
874.783935546875 472.54547119140625 986.7706909179688 699.6522216796875
1623.9453125 485.54217529296875 1705.605712890625 792.1822509765625
1245.1876220703125 480.0286865234375 1327.5140380859375 770.3829345703125
1214.5582275390625 818.5070190429688 1305.2835693359375 1047.1962890625
1518.3712158203125 816.934814453125 1569.725830078125 1036.6490478515625
1554.4490966796875 537.7861938476562 1623.817138671875 791.48583984375
1696.5904541015625 510.75244140625 1789.3310546875 781.984130859375
1372.0753173828125 821.0519409179688 1425.41650390625 1028.5946044921875
1324.8250732421875 522.1633911132812 1391.7769775390625 767.4428100585938
1470.852783203125 831.2882690429688 1520.02880859375 1013.1544189453125
1424.324462890625 835.3466796875 1476.030517578125 1015.1600341796875
1630.728515625 846.4114990234375 1727.3389892578125 1087.5068359375
753.7903442382812 670.4968872070312 955.5802001953125 888.6947631835938
1568.60205078125 818.1165771484375 1636.05859375 1064.38818359375
