1386.523193359375 571.8153076171875 1480.953369140625 842.2344970703125
924.7606811523438 524.5948486328125 1058.6461181640625 785.8251953125
1771.9813232421875 862.00048828125 1918.2471923828125 1088.950927734375
1989.013916015625 774.248291015625 2213.890869140625 1032.4691162109375
1852.0213623046875 826.1353759765625 2056.034423828125 1080.6055908203125
1478.818603515625 561.813232421875 1577.92333984375 847.1296997070312
1199.340576171875 526.2969360351562 1306.5189208984375 847.762939453125
932.7310791015625 802.1666259765625 1113.8905029296875 1051.341064453125
2142.43896484375 732.5704345703125 2354.17431640625 892.43994140625
1832.75927734375 530.2130126953125 1922.5960693359375 824.9732666015625
721.1519165039062 509.4632263183594 855.4011840820312 723.4036865234375
1664.05859375 511.27752685546875 1759.84375 829.4020385742188
1694.310302734375 875.79736328125 1807.8953857421875 1094.421142578125
1128.3582763671875 550.8599243164062 1221.1771240234375 825.9108276367188
1248.8779296875 869.4025268554688 1349.2520751953125 1129.38671875
1173.4696044921875 857.9577026367188 1270.6663818359375 1090.31103515625
1576.9056396484375 560.8355712890625 1663.16162109375 832.4599609375
1914.335693359375 525.6973876953125 2050.583740234375 789.063720703125
807.4192504882812 507.78729248046875 939.6717529296875 787.248046875
1305.241943359375 566.2129516601562 1390.2479248046875 842.2140502929688
1479.7481689453125 883.5755615234375 1553.8331298828125 1054.2364501953125
1615.824462890625 872.0509643554688 1719.0108642578125 1137.7835693359375
1349.50732421875 885.1317749023438 1415.0384521484375 1064.560302734375
1070.5526123046875 844.6276245117188 1185.62548828125 1077.056640625
1545.52734375 883.4039916992188 1617.4049072265625 1056.92626953125
1049.5599365234375 543.168212890625 1143.368408203125 816.6152954101562
1747.08349609375 539.3677978515625 1837.37158203125 833.2515258789062
2039.962646484375 492.1322937011719 2165.751708984375 751.090087890625
1415.353515625 882.0650024414062 1480.9239501953125 1056.0606689453125
683.5672607421875 734.5518188476562 860.720458984375 924.5750122070312
