1507.027587890625 577.4002685546875 1577.662841796875 826.389892578125
853.3482055664062 487.19677734375 961.5675048828125 734.6079711914062
830.8389892578125 789.9915771484375 1032.294677734375 1001.1640625
1345.1866455078125 571.0061645507812 1426.0718994140625 846.8506469726562
2019.913330078125 494.0206298828125 2148.390625 708.02587890625
759.0169677734375 531.11279296875 870.0745239257812 731.3478393554688
1640.99462890625 875.4363403320312 1759.69970703125 1103.7421875
1904.036865234375 494.54974365234375 2036.1402587890625 744.5076904296875
1573.2353515625 885.774169921875 1662.756103515625 1143.633544921875
1132.7247314453125 559.88916015625 1211.47705078125 796.0714111328125
998.0248413085938 824.9701538085938 1158.1160888671875 1051.0797119140625
1427.10302734375 554.3543701171875 1512.5103759765625 836.1861572265625
1244.0892333984375 871.8126220703125 1362.8458251953125 1120.0855712890625
1069.5223388671875 546.5154418945312 1140.3900146484375 774.9963989257812
1206.15380859375 544.3717041015625 1280.03076171875 823.2266845703125
1786.0498046875 823.2955932617188 1997.5919189453125 1063.1805419921875
1506.15185546875 894.1521606445312 1575.239013671875 1087.9266357421875
960.1900024414062 521.2365112304688 1073.9959716796875 757.08056640625
1282.2843017578125 586.8280639648438 1349.41064453125 826.374267578125
1457.967041015625 895.4456176757812 1516.99462890625 1084.3438720703125
1572.3363037109375 498.7008361816406 1669.2044677734375 818.1235961914062
1706.927490234375 855.2327270507812 1828.0765380859375 1089.0216064453125
1668.0328369140625 545.24560546875 1759.2886962890625 799.1066284179688
1926.939208984375 774.0153198242188 2169.2001953125 985.8366088867188
1755.583984375 519.7799072265625 1907.657470703125 766.235107421875
1190.226806640625 877.6211547851562 1291.410400390625 1076.395751953125
1339.9346923828125 882.0404663085938 1419.7525634765625 1088.588134765625
1119.850341796875 857.4901123046875 1224.99853515625 1071.4398193359375
1408.457763671875 881.9120483398438 1466.114501953125 1069.95361328125
