909.0298461914062 767.3424682617188 1055.7640380859375 1003.6947021484375
1387.5037841796875 537.16259765625 1469.650390625 817.4917602539062
1165.03369140625 538.0466918945312 1250.7811279296875 781.4248046875
1934.757568359375 768.2211303710938 2129.18994140625 1014.3753051757812
870.7201538085938 462.6968994140625 986.505859375 725.4215698242188
1798.5775146484375 790.6835327148438 1988.704345703125 1053.93310546875
1994.7044677734375 461.6016845703125 2117.559814453125 727.9234619140625
1102.5458984375 517.2079467773438 1175.7874755859375 761.5254516601562
1437.6771240234375 851.08642578125 1489.408447265625 1064.6356201171875
777.80419921875 443.7938537597656 880.8724365234375 709.427978515625
1788.3006591796875 502.3423767089844 1881.325927734375 770.3373413085938
1468.010009765625 541.4859008789062 1556.6197509765625 811.453857421875
1320.2764892578125 545.6300659179688 1389.0142822265625 807.5144653320312
1867.6484375 484.3292236328125 1997.8243408203125 744.6527099609375
983.7918090820312 498.8746643066406 1105.4263916015625 742.4794311523438
1725.8238525390625 818.1473999023438 1854.3709716796875 1072.10400390625
1307.230712890625 839.5140380859375 1388.156982421875 1110.25341796875
1598.6844482421875 840.7786865234375 1677.1536865234375 1125.1903076171875
1147.818603515625 811.7639770507812 1259.8338623046875 1052.513916015625
1541.71337890625 845.2069091796875 1598.8739013671875 1073.27978515625
1023.815673828125 779.1721801757812 1193.8662109375 1036.6927490234375
1658.5919189453125 825.4179077148438 1759.8607177734375 1084.593017578125
1240.375732421875 506.2804870605469 1323.5001220703125 795.0872802734375
2100.7158203125 451.6267395019531 2241.689453125 721.7373657226562
2109.761962890625 805.758544921875 2350.712158203125 968.9996948242188
1628.685791015625 490.461181640625 1721.686279296875 790.7242431640625
1225.925048828125 825.6331176757812 1327.3538818359375 1067.049072265625
1711.49609375 518.94482421875 1799.3653564453125 784.6282958984375
721.2257690429688 763.0635986328125 930.7176513671875 923.0296630859375
1490.1114501953125 849.0848999023438 1541.2713623046875 1069.0821533203125
1554.4268798828125 539.3306884765625 1631.6968994140625 804.426513671875
1385.8170166015625 845.6491088867188 1440.6243896484375 1072.790771484375
