1391.4425048828125 461.7449951171875 1476.3082275390625 792.7291870117188
1880.4072265625 500.4270324707031 2009.665283203125 760.8124389648438
1662.8701171875 800.4428100585938 1782.9755859375 1085.71728515625
787.8366088867188 714.4105224609375 959.1614990234375 980.979248046875
1987.920654296875 741.8783569335938 2164.2333984375 1024.83740234375
1561.73095703125 502.0970764160156 1649.8360595703125 788.1546020507812
1712.625 517.0106201171875 1809.8125 796.7994995117188
2003.7840576171875 474.0072937011719 2132.62353515625 744.2745361328125
1838.20947265625 766.2508544921875 2044.42431640625 1046.3258056640625
1475.4410400390625 453.022705078125 1571.8348388671875 794.3716430664062
1748.27734375 792.5814208984375 1887.4222412109375 1067.4976806640625
1312.9639892578125 478.5340576171875 1393.1007080078125 785.4434814453125
2128.618408203125 743.5933837890625 2372.369873046875 909.9418334960938
1526.4619140625 818.5426025390625 1594.4908447265625 1057.2872314453125
1156.952392578125 787.5112915039062 1260.3984375 1065.39990234375
998.37548828125 465.3921203613281 1145.3758544921875 745.0856323242188
1595.4866943359375 812.1918334960938 1686.5457763671875 1119.9659423828125
1796.09033203125 504.2560729980469 1884.429443359375 777.8662109375
891.1965942382812 733.5384521484375 1102.400390625 1018.5729370117188
1203.56494140625 436.0655822753906 1315.807861328125 792.5760498046875
1329.4376220703125 814.378662109375 1405.127685546875 1058.0133056640625
1640.2669677734375 475.551513671875 1750.690185546875 800.67529296875
1233.89453125 791.4246215820312 1334.3675537109375 1115.9083251953125
1039.354736328125 776.3177490234375 1190.923583984375 1051.4813232421875
878.09423828125 457.1077880859375 1004.4114990234375 729.2295532226562
590.27880859375 721.0485229492188 808.871826171875 884.7059326171875
1463.8787841796875 824.1642456054688 1528.7508544921875 1051.3310546875
1133.566162109375 509.0800476074219 1234.7955322265625 773.1810302734375
1398.75830078125 826.716064453125 1464.7420654296875 1058.7861328125
767.5546875 452.04791259765625 894.3378295898438 715.3458251953125
