1921.5831298828125 768.6753540039062 2119.6083984375 1016.3822021484375
1055.475830078125 426.1941223144531 1146.8955078125 737.403076171875
1878.1851806640625 489.5050964355469 2037.7198486328125 769.371826171875
1776.30224609375 781.3232421875 1961.614990234375 1043.528564453125
802.044921875 440.3686828613281 935.2828369140625 707.851318359375
1252.346923828125 774.2562866210938 1335.23388671875 1064.564697265625
1177.0841064453125 773.5557250976562 1265.44482421875 1042.3739013671875
1568.6474609375 476.531494140625 1648.7894287109375 762.6315307617188
924.5050659179688 452.6622619628906 1068.9219970703125 722.38427734375
1477.6619873046875 458.95928955078125 1571.1328125 765.5406494140625
1702.637451171875 800.565673828125 1832.190185546875 1065.593017578125
2000.07568359375 498.89654541015625 2125.4853515625 756.6307373046875
1630.858154296875 793.3988647460938 1733.479248046875 1068.8172607421875
955.00244140625 749.0413818359375 1129.7362060546875 1013.1259155273438
1136.29248046875 454.54632568359375 1231.301513671875 747.044677734375
1722.4013671875 492.3196105957031 1811.854248046875 775.7227783203125
1805.822998046875 484.7986145019531 1888.648193359375 774.6240844726562
1211.7813720703125 388.7884826660156 1311.6104736328125 743.370361328125
1394.2113037109375 786.8936157226562 1446.118896484375 992.4876098632812
794.9502563476562 731.007568359375 1004.26416015625 993.8976440429688
1335.97021484375 778.56787109375 1394.4327392578125 997.2052612304688
1382.413330078125 454.6027526855469 1478.29345703125 765.4530639648438
1309.330078125 468.6878356933594 1384.908203125 750.6224975585938
1642.4837646484375 421.82330322265625 1780.1573486328125 764.0108642578125
1561.333984375 787.9609985351562 1639.092041015625 1070.982177734375
1501.1214599609375 789.168212890625 1559.778564453125 1008.0661010742188
1096.8004150390625 772.2527465820312 1194.9503173828125 1040.842041015625
1444.398681640625 788.738037109375 1499.389404296875 1000.9668579101562
