1915.2197265625 754.2183227539062 2094.213623046875 1003.878173828125
1947.743896484375 472.5798034667969 2067.86181640625 742.84130859375
1707.1636962890625 820.433349609375 1848.1312255859375 1048.5198974609375
830.34423828125 707.4734497070312 1032.7763671875 936.535400390625
1002.8657836914062 497.21759033203125 1123.7127685546875 736.7020263671875
1783.69873046875 791.7298583984375 1966.852294921875 1025.08203125
2040.930419921875 705.8222045898438 2189.565673828125 932.0280151367188
901.0787353515625 468.4194641113281 1013.9773559570312 702.9622802734375
1759.944091796875 529.215576171875 1837.0572509765625 781.3342895507812
1831.2548828125 500.6403503417969 1954.028076171875 763.2017211914062
2035.248046875 457.75360107421875 2150.450927734375 696.0046997070312
1401.934326171875 824.601806640625 1463.0333251953125 1029.4754638671875
1636.523193359375 827.1243896484375 1725.594970703125 1071.0849609375
1393.9117431640625 534.9773559570312 1469.6124267578125 788.751220703125
1547.677490234375 544.9146118164062 1619.4544677734375 796.0960693359375
814.7864379882812 444.6300048828125 936.494873046875 654.6394653320312
1192.251220703125 781.7830200195312 1291.0284423828125 1034.6300048828125
1572.3309326171875 823.9306030273438 1641.2064208984375 1084.841552734375
1471.2041015625 547.0154418945312 1549.766357421875 801.992431640625
1458.3426513671875 829.4396362304688 1516.2965087890625 1043.0008544921875
1246.5999755859375 492.59930419921875 1324.03515625 775.71337890625
1686.18359375 534.2957763671875 1766.10498046875 789.0296630859375
1261.20556640625 793.9281616210938 1351.49951171875 1053.792236328125
1115.4727783203125 509.52166748046875 1193.3177490234375 761.2527465820312
1184.5211181640625 514.4473266601562 1264.9991455078125 773.9017944335938
972.021240234375 757.9472045898438 1166.583740234375 982.4432373046875
1326.3182373046875 533.2335205078125 1392.49658203125 772.5764770507812
1098.477783203125 781.5079345703125 1230.1650390625 999.9810180664062
748.1726684570312 657.1319580078125 903.9683227539062 856.7683715820312
1616.0345458984375 487.8887023925781 1691.1566162109375 802.2799072265625
1513.7177734375 827.0197143554688 1574.0164794921875 1053.67578125
1344.9356689453125 813.950439453125 1412.5311279296875 1025.511474609375
