726.0651245117188 701.6951904296875 912.7760009765625 904.5066528320312
1948.867919921875 471.9146728515625 2076.788818359375 745.0621948242188
1758.3353271484375 811.0700073242188 1940.99755859375 1058.401123046875
1087.316162109375 496.1919860839844 1172.2421875 758.95166015625
865.1365356445312 468.6708068847656 981.7005004882812 714.1362915039062
1829.785400390625 504.94525146484375 1953.128173828125 767.7435302734375
755.4157104492188 447.1741027832031 877.2442626953125 669.5548706054688
1886.1806640625 777.6085815429688 2070.96484375 1042.4173583984375
1156.5050048828125 510.5303649902344 1246.5015869140625 771.7330932617188
1309.84619140625 530.63525390625 1379.2493896484375 790.5504760742188
995.2781982421875 771.5189208984375 1162.0081787109375 1020.8916625976562
1686.1566162109375 523.9995727539062 1772.246337890625 791.1187133789062
1463.7100830078125 545.7387084960938 1546.7471923828125 807.7748413085938
1378.3448486328125 547.3917846679688 1461.568359375 811.4029541015625
1220.0562744140625 813.4713745117188 1295.490478515625 1056.6314697265625
874.46484375 745.42724609375 1036.9776611328125 993.8141479492188
1757.334716796875 513.9620361328125 1844.1976318359375 777.714599609375
1240.281494140625 475.39508056640625 1310.274658203125 785.9624633789062
1569.5418701171875 847.2696533203125 1641.67626953125 1107.2264404296875
2072.985595703125 465.3316650390625 2198.620849609375 735.39990234375
1544.81396484375 529.15625 1620.3160400390625 797.719970703125
981.8690795898438 491.1168518066406 1093.8251953125 736.0646362304688
1616.7615966796875 483.7102355957031 1695.696533203125 798.310791015625
1467.671630859375 825.161865234375 1520.4066162109375 1028.223876953125
1363.94775390625 834.1184692382812 1416.147216796875 1040.09619140625
1691.470703125 829.6093139648438 1813.1451416015625 1093.4600830078125
1415.4105224609375 826.0845336914062 1467.5579833984375 1030.147216796875
1135.12744140625 798.921630859375 1231.3798828125 1051.3521728515625
1297.6134033203125 821.3408813476562 1363.585205078125 1084.996826171875
1629.1680908203125 834.779296875 1720.537841796875 1092.9166259765625
1512.67431640625 829.3854370117188 1575.7091064453125 1042.0615234375
