906.9581298828125 417.0587463378906 1018.1289672851562 664.3046264648438
1015.1432495117188 457.3135681152344 1130.33740234375 709.8666381835938
1817.8702392578125 471.42205810546875 1951.248046875 728.78564453125
1943.1719970703125 426.25274658203125 2074.3056640625 686.6259765625
871.1951904296875 707.7969970703125 1061.5987548828125 908.6766357421875
1316.7879638671875 515.361572265625 1376.70068359375 767.381591796875
1584.5316162109375 814.3615112304688 1674.13232421875 1091.866455078125
1121.2122802734375 478.3592224121094 1192.582275390625 726.4667358398438
995.2533569335938 744.539794921875 1181.8082275390625 984.1378173828125
1789.044921875 757.0807495117188 2027.979248046875 1012.4558715820312
1181.5455322265625 493.9714050292969 1259.9024658203125 739.5771484375
1375.1962890625 508.9812316894531 1453.8076171875 785.4805297851562
1676.619384765625 488.1429748535156 1757.405517578125 755.9271850585938
1649.7618408203125 807.419677734375 1745.3724365234375 1067.13427734375
1743.2562255859375 476.2880554199219 1826.2880859375 741.4976806640625
1247.3045654296875 465.6594543457031 1318.3446044921875 756.9837646484375
1260.102783203125 813.0077514648438 1362.9776611328125 1061.3233642578125
1453.638671875 515.6805419921875 1539.5001220703125 790.8626098632812
1208.21337890625 809.1051635742188 1301.00439453125 1028.7760009765625
1719.865234375 796.6980590820312 1858.7742919921875 1058.227294921875
1538.4091796875 524.9830322265625 1607.239501953125 768.18994140625
1347.106689453125 825.9488525390625 1424.383056640625 1014.423583984375
1142.655517578125 791.1494750976562 1243.8358154296875 1014.4747924804688
1527.5587158203125 818.3526000976562 1587.189697265625 1020.6288452148438
1474.825439453125 828.6900024414062 1530.9202880859375 1010.9336547851562
1406.9764404296875 827.9000244140625 1478.8905029296875 1007.880859375
1603.9989013671875 464.457763671875 1685.513427734375 768.4452514648438
1932.18896484375 702.2039184570312 2147.75341796875 922.4081420898438
