1980.106689453125 523.1416015625 2125.853271484375 785.6005249023438
1696.546142578125 879.5585327148438 1847.02734375 1143.25537109375
959.1692504882812 554.1500244140625 1081.57763671875 800.9244995117188
1380.0821533203125 581.2581176757812 1465.2615966796875 879.0291137695312
1797.0648193359375 860.9896240234375 2002.6163330078125 1110.0692138671875
787.562255859375 795.557861328125 1008.22998046875 1025.2125244140625
1876.412353515625 565.5599365234375 2005.7513427734375 812.8672485351562
690.6344604492188 753.498779296875 873.3008422851562 952.2509765625
1159.4168701171875 561.8157958984375 1251.467529296875 848.5654296875
1076.4720458984375 871.9545288085938 1206.24658203125 1104.4344482421875
1465.304443359375 570.3601684570312 1551.9918212890625 878.9331665039062
821.5116577148438 398.2481384277344 937.6737060546875 591.6321411132812
1791.577880859375 556.6360473632812 1879.350341796875 827.2413330078125
1633.10693359375 903.5982055664062 1763.0894775390625 1154.212158203125
1697.8931884765625 558.384033203125 1797.5897216796875 860.1478881835938
1226.7301025390625 913.9260864257812 1341.611328125 1137.0721435546875
1555.7115478515625 894.654296875 1637.8162841796875 1145.7249755859375
1941.3480224609375 814.69384765625 2160.249267578125 1064.31396484375
938.37646484375 840.4017333984375 1129.6934814453125 1084.4837646484375
1550.82568359375 596.2882080078125 1624.3321533203125 876.6146850585938
1151.62939453125 887.9733276367188 1270.992919921875 1118.5418701171875
1621.423828125 548.5452270507812 1707.18359375 870.6553344726562
1081.16943359375 542.7799072265625 1166.740966796875 820.2416381835938
1238.3951416015625 545.7432861328125 1317.7515869140625 869.5692138671875
1313.650634765625 590.4407348632812 1381.82373046875 866.1029663085938
841.0867919921875 547.53271484375 963.169189453125 768.98046875
1328.5797119140625 897.9693603515625 1399.982421875 1112.158203125
1387.65478515625 912.3200073242188 1445.4979248046875 1100.951904296875
1440.8494873046875 907.7048950195312 1498.04541015625 1103.5401611328125
1495.2103271484375 902.3580322265625 1556.167724609375 1112.2481689453125
