826.4376220703125 687.6644897460938 1034.0875244140625 941.7884521484375
1851.2174072265625 404.7356872558594 1973.5194091796875 698.909423828125
1571.6793212890625 805.118896484375 1664.339599609375 1082.289306640625
867.3839111328125 385.14691162109375 987.5073852539062 657.0508422851562
1461.9410400390625 465.5195617675781 1550.5205078125 785.7421264648438
1705.36328125 769.670166015625 1831.1292724609375 1013.9501342773438
1078.6923828125 422.11358642578125 1164.621826171875 740.6918334960938
1301.53515625 463.3520812988281 1376.01953125 765.7487182617188
1965.466552734375 396.99713134765625 2088.336669921875 670.8191528320312
967.8924560546875 416.81036376953125 1086.15380859375 690.66015625
1512.9664306640625 810.9990234375 1572.2330322265625 1042.019287109375
1175.7044677734375 784.9118041992188 1289.2210693359375 1044.1597900390625
1703.114013671875 467.0810852050781 1790.8834228515625 750.487548828125
1781.67431640625 444.01190185546875 1865.97021484375 730.67724609375
1374.6124267578125 462.9468688964844 1457.6607666015625 779.2432250976562
1355.777099609375 807.8965454101562 1410.8736572265625 1030.0771484375
1087.2835693359375 766.9637451171875 1214.205322265625 1016.6734008789062
1107.7039794921875 440.35009765625 1226.8463134765625 746.0816040039062
1251.859130859375 795.7655639648438 1355.6793212890625 1081.719482421875
1635.822265625 795.0823364257812 1749.4864501953125 1046.345703125
1460.5352783203125 813.0057983398438 1512.273681640625 1035.7471923828125
2042.8387451171875 630.2853393554688 2279.681884765625 851.3706665039062
1620.6260986328125 436.7889404296875 1707.5386962890625 764.1912841796875
1409.0 814.3966064453125 1460.3975830078125 1037.8121337890625
1547.477783203125 481.1084289550781 1622.0614013671875 771.6981201171875
1922.8675537109375 691.9236450195312 2138.57373046875 944.7936401367188
1218.654052734375 432.02215576171875 1299.775634765625 759.8535766601562
708.2870483398438 630.3380126953125 920.0430908203125 837.9865112304688
