1636.4139404296875 837.6588134765625 1745.28662109375 1033.260498046875
1915.0167236328125 766.5263061523438 2079.811767578125 973.9297485351562
786.83642578125 509.59881591796875 887.1317138671875 729.3920288085938
1787.6834716796875 562.0062866210938 1863.6329345703125 781.3383178710938
1855.705810546875 537.90673828125 1978.2840576171875 767.1392822265625
728.3135986328125 734.9022827148438 892.9187622070312 891.90380859375
969.79931640625 796.86083984375 1132.7886962890625 1025.426025390625
1629.8729248046875 546.496826171875 1711.104248046875 803.5362548828125
1782.636962890625 795.51171875 1969.5616455078125 1024.0653076171875
1378.796875 568.2904052734375 1464.102294921875 816.3798217773438
1465.2222900390625 567.6397705078125 1552.496337890625 819.10498046875
1193.9906005859375 831.27294921875 1272.1611328125 1046.0799560546875
1450.5936279296875 834.0166015625 1506.0107421875 1043.0616455078125
1973.17138671875 542.1347045898438 2072.3544921875 741.3978271484375
1087.7357177734375 574.59765625 1159.37890625 790.023681640625
973.4373168945312 554.9669189453125 1086.7760009765625 772.5157470703125
1554.44189453125 565.7869873046875 1631.4267578125 804.07177734375
1398.1796875 836.9406127929688 1452.5975341796875 1039.91259765625
1306.5194091796875 568.4467163085938 1378.2125244140625 800.1351318359375
2040.0001220703125 745.3527221679688 2216.913818359375 891.8883056640625
1698.1829833984375 821.189453125 1830.5546875 1020.284912109375
1267.6046142578125 834.8078002929688 1342.294921875 1067.6649169921875
1340.9993896484375 832.5167236328125 1401.31005859375 1049.782470703125
1223.40771484375 538.1773681640625 1311.500732421875 794.6519775390625
1572.753662109375 850.2389526367188 1662.605712890625 1089.7354736328125
842.580322265625 764.0443725585938 1007.9666137695312 975.5494995117188
1705.2769775390625 564.436279296875 1789.910400390625 799.4839477539062
882.0725708007812 544.97265625 976.334228515625 745.3407592773438
1157.7572021484375 563.3544921875 1233.1519775390625 794.00634765625
1103.798583984375 830.2520141601562 1197.86181640625 1039.6658935546875
2057.749755859375 530.3428344726562 2163.785888671875 731.134521484375
1506.1483154296875 844.342041015625 1571.536865234375 1043.9788818359375
