1676.0203857421875 873.19287109375 1873.9205322265625 1105.4932861328125
1907.335205078125 580.05859375 2040.419677734375 807.1260986328125
1791.2159423828125 580.291259765625 1917.921142578125 825.6565551757812
1057.309814453125 567.7842407226562 1178.3973388671875 803.9750366210938
1815.536865234375 848.291015625 2011.949951171875 1080.6004638671875
1035.8743896484375 834.0689697265625 1202.1458740234375 1063.942626953125
1473.9091796875 607.8200073242188 1555.115478515625 871.17236328125
936.9828491210938 545.5494995117188 1055.342041015625 769.1875610351562
1324.0628662109375 597.7019653320312 1391.5535888671875 849.3460083007812
2011.6619873046875 557.1292114257812 2130.162353515625 763.6728515625
1632.6724853515625 566.00390625 1720.776123046875 852.0938110351562
1391.3656005859375 594.0565795898438 1473.508544921875 866.753662109375
1247.8592529296875 557.7355346679688 1323.5330810546875 839.7608642578125
1960.0347900390625 814.6834106445312 2177.13623046875 969.8045654296875
1556.5233154296875 604.3408813476562 1629.84912109375 854.7544555664062
904.961181640625 800.1320190429688 1080.9462890625 1025.936767578125
744.0634155273438 728.6686401367188 946.3880615234375 900.8450927734375
1549.87841796875 891.7374877929688 1638.86962890625 1125.4696044921875
1236.6068115234375 879.358642578125 1329.334228515625 1109.593505859375
1712.0911865234375 567.5779418945312 1800.1876220703125 846.4407348632812
1491.3809814453125 909.5916137695312 1550.5372314453125 1111.4561767578125
1608.71435546875 898.8588256835938 1730.316162109375 1124.22607421875
1377.147216796875 902.347412109375 1437.1783447265625 1102.3006591796875
1315.0447998046875 898.9345703125 1385.0833740234375 1102.8563232421875
1436.3948974609375 904.8125610351562 1492.939697265625 1102.121826171875
1168.0997314453125 566.0957641601562 1248.669921875 826.9465942382812
1149.8353271484375 871.9298706054688 1264.6239013671875 1086.82763671875
