2045.1605224609375 617.5274658203125 2208.200927734375 836.422119140625
1357.208740234375 430.6187438964844 1448.4224853515625 729.63427734375
1767.5928955078125 437.07012939453125 1850.111572265625 708.6439819335938
1062.803466796875 448.66668701171875 1147.7723388671875 704.7027587890625
1291.07470703125 451.982666015625 1358.266845703125 722.2312622070312
1211.21826171875 755.4550170898438 1289.9544677734375 985.4934692382812
1208.3575439453125 420.1224365234375 1291.14404296875 723.1271362304688
820.8972778320312 670.9371337890625 1022.8153686523438 902.798095703125
1688.0601806640625 455.83294677734375 1777.214111328125 724.918701171875
1964.758544921875 391.0954895019531 2088.328125 644.8501586914062
1802.8658447265625 727.4590454101562 2007.029296875 979.0375366210938
1736.68603515625 773.2020874023438 1841.8927001953125 1018.80322265625
1840.084228515625 427.8907775878906 1971.1907958984375 680.1610717773438
1446.704833984375 427.9342346191406 1534.9892578125 722.4769897460938
949.4920043945312 434.7061462402344 1075.145751953125 685.0332641601562
971.0718994140625 717.5243530273438 1149.160888671875 964.9671020507812
1139.3076171875 461.17626953125 1221.250732421875 720.2282104492188
1655.482421875 776.1931762695312 1752.2437744140625 1022.751953125
723.4983520507812 616.5066528320312 888.9849853515625 825.5789184570312
1583.541259765625 765.1456298828125 1667.4161376953125 1051.6318359375
831.6430053710938 398.07427978515625 950.459716796875 649.635986328125
1363.6485595703125 754.6500244140625 1423.5087890625 987.140869140625
1288.1973876953125 750.5380249023438 1365.27392578125 1034.0533447265625
1920.6744384765625 676.7600708007812 2118.460693359375 905.5796508789062
1606.725830078125 412.1882629394531 1697.5640869140625 729.665283203125
1123.747314453125 742.6965942382812 1222.55419921875 976.3075561523438
1422.1326904296875 766.6353759765625 1473.6737060546875 979.8794555664062
1522.626708984375 752.27490234375 1582.23291015625 996.1241455078125
1472.74951171875 761.533935546875 1523.7606201171875 982.8525390625
1532.2476806640625 450.3620300292969 1605.2529296875 708.3485107421875
