1952.7060546875 498.7531433105469 2088.582763671875 732.4585571289062
1672.5494384765625 874.2282104492188 1807.325439453125 1114.1708984375
888.2848510742188 505.7440490722656 1033.5614013671875 729.880126953125
1732.5157470703125 845.0238037109375 1892.9283447265625 1099.0509033203125
1028.37451171875 823.642333984375 1223.070556640625 1064.84521484375
1618.64013671875 906.3749389648438 1711.5592041015625 1158.9239501953125
1828.7315673828125 497.73468017578125 1980.88134765625 772.150146484375
2043.7242431640625 741.023681640625 2238.18896484375 963.0639038085938
1921.170654296875 767.733642578125 2118.991943359375 996.88623046875
1358.887939453125 895.7791748046875 1435.983642578125 1141.766357421875
1404.3212890625 582.6710205078125 1488.0570068359375 874.1736450195312
1097.2430419921875 544.3681640625 1190.82080078125 807.1611328125
914.1815185546875 785.3150024414062 1094.3758544921875 1024.06298828125
1169.537353515625 556.0391845703125 1247.8538818359375 826.7665405273438
1329.696044921875 589.0872192382812 1401.3653564453125 862.4899291992188
796.8538208007812 759.8526000976562 971.0582885742188 955.8885498046875
1484.726318359375 586.5527954101562 1566.0965576171875 872.0162963867188
1800.6807861328125 803.761474609375 2015.072265625 1063.7371826171875
1560.11181640625 596.3005981445312 1637.869873046875 861.1028442382812
989.2457275390625 521.8016967773438 1119.2266845703125 778.2289428710938
1633.683837890625 547.6334838867188 1722.845947265625 855.6771850585938
2033.993896484375 481.14776611328125 2186.199462890625 679.3896484375
1702.2757568359375 556.5010986328125 1800.10009765625 826.066650390625
1562.6929931640625 912.2647094726562 1624.3272705078125 1080.48828125
1246.975830078125 555.3869018554688 1329.8956298828125 854.1764526367188
1163.115478515625 867.933837890625 1290.6654052734375 1102.9993896484375
1477.178955078125 905.406494140625 1528.502197265625 1072.7462158203125
1758.201171875 530.666748046875 1872.9521484375 799.7449951171875
1243.717041015625 884.9471435546875 1369.937744140625 1120.2286376953125
823.7619018554688 516.2850952148438 941.1410522460938 650.3265991210938
1525.4873046875 906.0218505859375 1575.2275390625 1067.57958984375
1432.8839111328125 908.6470947265625 1494.655517578125 1075.978271484375
