1319.541015625 525.541259765625 1416.087158203125 802.2589111328125
1994.513671875 759.2831420898438 2162.665283203125 992.4500732421875
2144.717529296875 745.1722412109375 2334.553466796875 904.1270751953125
2161.728271484375 520.8305053710938 2281.269775390625 721.0654296875
986.9940795898438 554.5926513671875 1063.4232177734375 790.9957885742188
1282.8270263671875 835.2498779296875 1358.9205322265625 1069.34423828125
859.8875732421875 546.6024780273438 993.0151977539062 786.892578125
1856.2470703125 794.3758544921875 2016.471923828125 1031.50048828125
740.0772705078125 525.5096435546875 865.5357055664062 750.6691284179688
689.2120361328125 771.0858764648438 828.90771484375 956.9087524414062
1800.76416015625 511.3106384277344 1896.9176025390625 775.7498168945312
1409.412109375 509.8063049316406 1516.052978515625 801.7340698242188
2029.0675048828125 517.8250122070312 2162.22900390625 731.865478515625
1682.1497802734375 824.0130615234375 1777.134521484375 1049.3707275390625
952.3143920898438 823.3670043945312 1119.2679443359375 1037.99560546875
1764.265380859375 815.1406860351562 1867.233154296875 1055.064697265625
633.5257568359375 531.3704223632812 743.4904174804688 733.3877563476562
1609.115478515625 488.3533935546875 1710.363037109375 787.3384399414062
1359.383544921875 840.0216064453125 1421.2808837890625 1033.3271484375
1517.3485107421875 538.7261962890625 1608.888427734375 783.1337280273438
1198.0804443359375 834.73779296875 1280.8121337890625 1063.298095703125
1421.2213134765625 836.5580444335938 1482.1656494140625 1023.4825439453125
1604.28857421875 823.2144775390625 1688.688232421875 1065.8480224609375
1474.9566650390625 836.8382568359375 1551.112060546875 1022.7269897460938
1114.3480224609375 830.7836303710938 1201.9500732421875 1070.7578125
797.5316772460938 792.4777221679688 982.50537109375 1024.73388671875
1535.2608642578125 833.771728515625 1613.608642578125 1034.6148681640625
1233.4466552734375 541.679443359375 1320.7652587890625 791.1854858398438
1135.1092529296875 522.3917846679688 1235.5928955078125 801.6140747070312
1893.960205078125 534.7481079101562 2031.273681640625 760.5182495117188
1708.6181640625 518.7868041992188 1810.4730224609375 786.008056640625
1059.0294189453125 549.2228393554688 1145.3116455078125 803.484130859375
