1731.1900634765625 501.8714904785156 1819.4263916015625 753.760986328125
1894.6834716796875 499.1338806152344 2018.5120849609375 733.8656616210938
722.933349609375 497.8001708984375 843.3038330078125 697.6293334960938
635.86376953125 739.4215698242188 861.5167236328125 897.0655517578125
1057.8092041015625 514.0719604492188 1146.069091796875 758.7811889648438
831.0068969726562 500.111083984375 947.1337280273438 731.6532592773438
1665.24365234375 780.5869750976562 1762.2767333984375 1031.7269287109375
2062.244140625 452.60906982421875 2215.91015625 622.4325561523438
2013.752685546875 503.4742126464844 2124.886474609375 732.03173828125
1477.1832275390625 467.60955810546875 1575.19189453125 752.873779296875
962.7533569335938 770.367919921875 1123.3590087890625 1008.23828125
1729.6412353515625 774.6126098632812 1855.0185546875 1026.712890625
1809.0755615234375 502.2625732421875 1894.965087890625 743.9381713867188
1263.0885009765625 781.527099609375 1338.9896240234375 1047.794677734375
1576.957275390625 483.2742004394531 1656.4442138671875 745.7644653320312
1655.0419921875 458.54962158203125 1746.6806640625 760.99169921875
1809.318115234375 751.8197021484375 2002.0006103515625 996.9310913085938
1940.8890380859375 744.1456909179688 2119.616455078125 936.7991333007812
1287.381103515625 472.3598327636719 1375.0579833984375 748.53466796875
1115.7850341796875 787.7994384765625 1201.2518310546875 1042.622314453125
937.6295166015625 512.2405395507812 1063.86279296875 748.6401977539062
1374.7740478515625 457.602783203125 1477.479736328125 756.0470581054688
830.49365234375 755.1573486328125 991.46875 1002.8220825195312
1513.92578125 775.7888793945312 1594.390869140625 998.2388305664062
1338.3338623046875 778.8599243164062 1406.2484130859375 1004.7677001953125
2066.08837890625 678.5225219726562 2275.615966796875 879.8776245117188
1460.677490234375 779.8972778320312 1532.1727294921875 991.5696411132812
1137.358154296875 507.8988037109375 1228.28466796875 762.0059814453125
1213.56591796875 472.8026428222656 1299.908447265625 760.3360595703125
1189.99169921875 791.404296875 1263.9854736328125 1029.4228515625
1589.64013671875 770.2114868164062 1677.2164306640625 1043.85400390625
1403.6439208984375 780.6696166992188 1463.858154296875 989.58642578125
