1731.817138671875 896.4432373046875 1844.078125 1114.765625
1090.629638671875 886.8068237304688 1189.9173583984375 1089.354736328125
1483.7623291015625 598.0402221679688 1576.884033203125 884.7310180664062
1581.4808349609375 916.04931640625 1674.64111328125 1158.216064453125
807.8161010742188 832.7631225585938 1025.9239501953125 1012.0932006835938
949.0090942382812 584.3994140625 1074.6671142578125 832.886474609375
736.9349365234375 776.3584594726562 921.7294921875 944.1088256835938
1577.4874267578125 619.9354248046875 1656.8525390625 867.4783325195312
1517.12841796875 911.9727783203125 1579.9073486328125 1123.1343994140625
1174.7215576171875 902.9827880859375 1265.4073486328125 1123.4227294921875
1396.7874755859375 597.0559692382812 1485.9228515625 881.4772338867188
1891.854736328125 583.9878540039062 2020.0455322265625 836.4267578125
1652.494384765625 906.9158935546875 1758.64013671875 1123.4686279296875
1731.1163330078125 597.3834228515625 1819.3084716796875 846.7007446289062
1901.441650390625 838.9998779296875 2126.81298828125 1027.5574951171875
1066.0762939453125 574.8997192382812 1159.2098388671875 831.927978515625
829.9952392578125 531.9318237304688 957.7907104492188 778.1737670898438
1463.8431396484375 910.9826049804688 1518.7440185546875 1120.4085693359375
1349.5201416015625 906.689697265625 1411.8089599609375 1118.176025390625
1145.3154296875 599.5455322265625 1248.4788818359375 842.4476928710938
1244.729736328125 905.4488525390625 1347.8094482421875 1150.8907470703125
1659.075927734375 547.0856323242188 1741.3504638671875 869.5863037109375
1231.9697265625 525.8369750976562 1322.26513671875 862.0106811523438
1322.6109619140625 614.3245849609375 1400.69677734375 867.968505859375
1410.6568603515625 908.8336791992188 1461.122314453125 1105.374755859375
1811.1671142578125 596.1138305664062 1908.5438232421875 839.4439697265625
2002.8468017578125 560.0589599609375 2130.703857421875 781.8690795898438
