1674.95556640625 809.3460083007812 1784.1060791015625 1052.57373046875
1871.765380859375 500.2864685058594 1995.4808349609375 741.8787231445312
924.626220703125 525.0975952148438 1050.19970703125 764.786865234375
1044.5634765625 531.5631713867188 1127.83837890625 776.7158203125
760.126953125 772.8748168945312 969.7008056640625 996.3408203125
803.46240234375 508.2032470703125 924.779296875 745.104736328125
1827.125 779.9271240234375 2020.0887451171875 1033.6005859375
1451.296142578125 502.9346618652344 1542.7513427734375 767.8948974609375
1991.7935791015625 477.17376708984375 2113.7138671875 719.2816162109375
1281.581787109375 504.7856140136719 1358.886474609375 774.4400024414062
1964.3685302734375 746.2579956054688 2165.862060546875 990.4632568359375
1791.7786865234375 502.6734924316406 1871.9117431640625 755.4683837890625
1699.9613037109375 506.4209899902344 1795.6751708984375 761.615234375
926.9674072265625 801.7147216796875 1102.2906494140625 1055.5146484375
2086.421875 489.01123046875 2223.3271484375 689.9467163085938
1621.101318359375 451.5315856933594 1709.9249267578125 765.9882202148438
1115.3458251953125 526.9793090820312 1201.6922607421875 775.920166015625
1463.7235107421875 813.7728271484375 1535.479248046875 1019.8493041992188
1541.4254150390625 489.9434509277344 1618.8604736328125 762.6770629882812
1526.3345947265625 809.001220703125 1600.0784912109375 1026.540771484375
1595.83349609375 810.210205078125 1693.9925537109375 1089.8004150390625
1178.162109375 816.5507202148438 1255.747802734375 1070.20849609375
1749.5335693359375 802.7080078125 1881.1165771484375 1036.9754638671875
1350.89404296875 485.4407958984375 1451.3658447265625 775.8173217773438
1075.2294921875 815.9892578125 1179.27880859375 1060.8035888671875
1404.0477294921875 814.8289794921875 1463.944091796875 1029.385498046875
1256.0731201171875 816.9603881835938 1343.4549560546875 1101.8502197265625
1335.0654296875 817.6057739257812 1402.5802001953125 1035.071044921875
1178.9254150390625 459.99908447265625 1283.2969970703125 777.5901489257812
703.2110595703125 516.3880615234375 830.970947265625 720.8869018554688
