786.2036743164062 494.9763488769531 909.61376953125 765.3784790039062
1736.647705078125 840.7210693359375 1859.90283203125 1108.6456298828125
2172.97607421875 421.3719482421875 2314.660400390625 652.8031005859375
1106.82958984375 535.0663452148438 1196.0411376953125 797.2617797851562
934.8638305664062 813.5693359375 1103.4000244140625 1076.5234375
1942.44775390625 515.7991943359375 2071.03173828125 777.8234252929688
1172.58740234375 844.799072265625 1257.9124755859375 1080.451904296875
1476.6378173828125 543.3141479492188 1584.849853515625 802.8248291015625
1024.5225830078125 530.218994140625 1109.3516845703125 796.4989624023438
1760.6337890625 527.8457641601562 1858.74853515625 796.0573120117188
1850.7933349609375 527.0742797851562 1945.796875 795.3219604492188
805.7237548828125 800.79052734375 976.5706787109375 1049.189208984375
1963.7113037109375 793.4357299804688 2169.98828125 1048.4346923828125
1258.1971435546875 839.6484375 1335.4237060546875 1112.063232421875
1817.347412109375 822.7019653320312 2022.5987548828125 1085.2032470703125
2102.322998046875 747.5092163085938 2273.76220703125 998.319091796875
1269.5244140625 545.5266723632812 1373.144287109375 786.1914672851562
2070.515380859375 501.18756103515625 2192.553466796875 759.68017578125
1577.5032958984375 551.4066162109375 1676.8875732421875 795.913330078125
908.814208984375 538.0596923828125 1030.0224609375 782.9163818359375
1663.6005859375 848.4292602539062 1770.4031982421875 1107.85205078125
677.0950927734375 487.36767578125 806.080322265625 730.5549926757812
1666.4010009765625 483.1739196777344 1784.5452880859375 799.8239135742188
1392.9722900390625 826.5082397460938 1453.5631103515625 1047.4586181640625
1365.7559814453125 542.41748046875 1474.1026611328125 803.6644897460938
1165.243896484375 482.4549560546875 1290.380859375 799.9034423828125
696.1759033203125 770.2006225585938 841.8259887695312 1006.9124145507812
1333.9842529296875 833.0545654296875 1394.6051025390625 1045.3524169921875
1072.3145751953125 842.277587890625 1178.0462646484375 1090.497802734375
1576.4593505859375 835.5094604492188 1664.712646484375 1113.6531982421875
1452.576904296875 823.819580078125 1508.7545166015625 1038.87255859375
1509.5001220703125 826.2828369140625 1575.761474609375 1038.4403076171875
