1840.1094970703125 537.6832275390625 1979.092041015625 794.7090454101562
1515.71533203125 865.6558837890625 1654.1270751953125 1135.549072265625
1598.7568359375 857.1324462890625 1747.239990234375 1116.726318359375
1748.4876708984375 540.6346435546875 1846.654541015625 810.2891845703125
1976.677734375 501.65087890625 2110.68115234375 773.3033447265625
1772.43798828125 813.6770629882812 1989.4239501953125 1055.2288818359375
854.3795166015625 810.3292236328125 1054.654052734375 1047.0345458984375
743.944580078125 494.00457763671875 867.6165771484375 770.5437622070312
1452.0001220703125 870.2444458007812 1518.5213623046875 1090.226806640625
1296.2454833984375 582.6065063476562 1416.0765380859375 845.0505981445312
1221.9918212890625 577.8763427734375 1324.5169677734375 840.6253662109375
1684.23583984375 839.2904663085938 1836.7548828125 1084.4864501953125
993.4102172851562 843.2308959960938 1127.1409912109375 1075.1014404296875
1653.9417724609375 555.129638671875 1754.681884765625 823.5482177734375
865.2654418945312 535.9266967773438 990.3968505859375 798.4147338867188
1086.22509765625 860.3606567382812 1195.076416015625 1099.3447265625
1056.3275146484375 560.5181884765625 1138.037353515625 827.2277221679688
753.125732421875 776.5900268554688 924.1669311523438 1000.4615478515625
1126.9326171875 521.5060424804688 1233.8970947265625 836.2318115234375
1914.1346435546875 789.2806396484375 2084.45947265625 1037.19091796875
1415.15673828125 571.3528442382812 1519.6083984375 838.6226806640625
979.8387451171875 548.9498291015625 1064.1080322265625 817.3526000976562
1168.9111328125 865.8171997070312 1270.073486328125 1129.3475341796875
1534.6549072265625 506.3810119628906 1647.344482421875 834.0908203125
1254.26171875 875.9435424804688 1335.5118408203125 1088.5677490234375
1389.7733154296875 880.5211791992188 1450.21533203125 1079.6986083984375
1327.654296875 873.1129760742188 1392.402587890625 1080.010498046875
