817.0100708007812 795.52294921875 979.3873291015625 1021.30859375
1664.2093505859375 838.6602783203125 1773.663330078125 1047.63671875
966.1551513671875 579.589599609375 1098.925537109375 815.253662109375
1741.02978515625 826.1255493164062 1856.2711181640625 1035.8447265625
1181.520263671875 845.392578125 1263.9609375 1042.40576171875
1964.51953125 789.361328125 2125.005615234375 1013.0389404296875
1086.287841796875 574.4899291992188 1175.5391845703125 829.3026733398438
1571.05517578125 599.7904052734375 1646.0096435546875 815.9302978515625
1395.6136474609375 567.4243774414062 1484.5823974609375 838.0729370117188
722.9822998046875 543.3475341796875 857.7352905273438 764.36474609375
2096.341064453125 513.4865112304688 2226.64990234375 748.3235473632812
1997.9114990234375 551.7906494140625 2121.647705078125 792.0452880859375
1086.742431640625 837.795654296875 1195.2769775390625 1046.4820556640625
837.8161010742188 556.3465576171875 969.3245849609375 801.4746704101562
2091.683837890625 752.9498901367188 2324.32373046875 922.8013305664062
950.990478515625 820.0029296875 1123.9188232421875 1037.966552734375
1486.1458740234375 581.223388671875 1575.380615234375 828.0377197265625
1815.7952880859375 807.0523071289062 2006.2353515625 1031.8668212890625
1643.826416015625 564.0877075195312 1728.0821533203125 821.3154907226562
1429.958251953125 865.675048828125 1486.68603515625 1029.7265625
1874.935791015625 568.2716674804688 2000.659423828125 808.6389770507812
1719.207275390625 564.5116577148438 1806.514404296875 823.6151123046875
1233.5538330078125 856.5013427734375 1322.15966796875 1053.7003173828125
590.9974365234375 737.0715942382812 837.4093017578125 933.138916015625
1165.115966796875 581.5841674804688 1254.69091796875 828.1751098632812
1594.9041748046875 840.8175048828125 1699.268310546875 1045.196044921875
1798.2135009765625 568.1332397460938 1877.8975830078125 817.4707641601562
1319.267333984375 862.3191528320312 1379.928955078125 1028.9959716796875
1242.025146484375 585.445068359375 1326.7757568359375 825.1051025390625
1474.8238525390625 862.9440307617188 1548.7076416015625 1025.9490966796875
1532.144775390625 854.0078735351562 1612.5430908203125 1028.3558349609375
1324.8525390625 591.8795776367188 1398.4281005859375 828.06396484375
1368.90625 865.6483764648438 1431.0733642578125 1035.7825927734375
