1894.148681640625 720.5802612304688 2093.24560546875 981.5932006835938
2026.89306640625 669.0597534179688 2166.90283203125 907.153076171875
1823.286376953125 456.1031494140625 1954.6561279296875 719.8770141601562
874.5086059570312 440.46856689453125 995.6526489257812 677.6068725585938
1102.4876708984375 464.7332763671875 1193.0654296875 742.9686889648438
1919.6005859375 421.94073486328125 2066.2861328125 685.7776489257812
1756.554931640625 775.9762573242188 1966.2890625 1033.661376953125
1525.9144287109375 802.7462768554688 1618.516357421875 1107.8577880859375
1609.9365234375 819.4255981445312 1706.93310546875 1085.0128173828125
1377.9404296875 511.5771484375 1468.5238037109375 799.8359375
844.3870849609375 710.8477172851562 1037.4295654296875 962.7665405273438
983.4625854492188 760.6264038085938 1166.9644775390625 1015.4894409179688
1685.281005859375 811.0923461914062 1797.38134765625 1072.9088134765625
988.5266723632812 447.4121398925781 1113.38330078125 717.7505493164062
1587.229248046875 440.9146728515625 1675.1453857421875 783.99658203125
1312.819091796875 519.979248046875 1381.7344970703125 785.2866821289062
1747.9852294921875 478.9972839355469 1842.526611328125 754.2686157226562
1658.7548828125 466.97955322265625 1757.992431640625 760.9652099609375
731.9627685546875 650.61181640625 904.8770751953125 870.9801025390625
775.8029174804688 412.251708984375 924.2630615234375 618.0855102539062
1222.6168212890625 820.5090942382812 1310.9869384765625 1091.1468505859375
1240.7677001953125 448.2484436035156 1322.7921142578125 777.7268676757812
1174.9935302734375 477.71917724609375 1273.3492431640625 766.848876953125
1303.5667724609375 810.0204467773438 1391.6864013671875 1098.56396484375
1457.0762939453125 515.9263916015625 1563.6806640625 791.6611328125
1986.6500244140625 419.0937805175781 2137.536376953125 614.001953125
1133.709716796875 801.1718139648438 1243.4339599609375 1057.9375
1455.8306884765625 830.3226318359375 1520.7470703125 1043.3746337890625
1532.998291015625 489.75518798828125 1592.919677734375 769.345458984375
1394.878662109375 835.039794921875 1456.636962890625 1044.53076171875
