963.2633056640625 505.0606384277344 1077.5826416015625 758.1498413085938
849.7443237304688 483.74114990234375 965.0956420898438 729.05224609375
1731.3057861328125 800.167724609375 1854.8646240234375 1035.087158203125
710.1655883789062 683.1271362304688 903.7718505859375 885.0438232421875
1813.4761962890625 771.813232421875 2022.6905517578125 1026.374267578125
1531.447998046875 808.2492065429688 1596.6982421875 1048.8883056640625
1280.82080078125 543.0859985351562 1362.67041015625 784.2880249023438
1984.7735595703125 481.12237548828125 2119.4794921875 726.3770751953125
850.22314453125 734.2088012695312 1023.2382202148438 972.4208374023438
1956.121337890625 729.6914672851562 2160.821044921875 972.7008056640625
2087.72265625 656.923095703125 2321.526611328125 856.1246337890625
752.3258056640625 492.697509765625 866.2249755859375 691.848876953125
974.1172485351562 776.6805419921875 1159.6817626953125 1032.4276123046875
1345.7061767578125 530.0895385742188 1443.3953857421875 787.4312744140625
1068.4908447265625 515.962646484375 1149.284912109375 777.84326171875
1664.5633544921875 800.5071411132812 1773.9541015625 1052.1346435546875
1209.525390625 498.4150695800781 1296.475341796875 794.4633178710938
1854.3883056640625 506.315185546875 1990.8935546875 754.84130859375
1428.1064453125 818.5047607421875 1481.0283203125 1031.228271484375
1143.0123291015625 534.8090209960938 1224.9696044921875 790.5914916992188
1217.762939453125 811.4515991210938 1294.2799072265625 1036.6055908203125
1368.452880859375 812.662109375 1428.4727783203125 1041.531494140625
1135.7899169921875 800.2827758789062 1231.2930908203125 1045.0333251953125
1443.525390625 534.680908203125 1531.9437255859375 789.0968017578125
1596.7745361328125 803.978271484375 1681.855712890625 1075.47705078125
1293.7979736328125 811.8525390625 1367.38427734375 1077.284912109375
1611.9554443359375 476.6823425292969 1703.4920654296875 796.9877319335938
1531.89453125 522.8637084960938 1612.6712646484375 785.4446411132812
1768.9930419921875 516.8917846679688 1869.84716796875 780.6183471679688
1698.1683349609375 516.4529418945312 1789.685791015625 798.3642578125
1478.1085205078125 816.6023559570312 1532.6248779296875 1028.6781005859375
