1365.0701904296875 797.6104125976562 1419.392578125 1006.1292114257812
1876.862548828125 750.6454467773438 2087.8603515625 954.8662719726562
926.970458984375 496.04449462890625 1040.1011962890625 726.2233276367188
1130.6585693359375 773.0243530273438 1238.146484375 1008.5386352539062
1614.1778564453125 794.0797729492188 1717.6904296875 1034.435546875
1681.124267578125 777.420654296875 1794.8211669921875 1001.5682373046875
1404.3670654296875 530.1876831054688 1481.0732421875 770.9886474609375
1038.79443359375 505.2012023925781 1155.9307861328125 738.4097290039062
1479.0341796875 532.4029541015625 1562.2598876953125 775.072265625
1345.964111328125 537.29833984375 1404.317138671875 762.703125
1153.6761474609375 501.9558410644531 1255.56787109375 745.9932250976562
1786.2576904296875 488.4049377441406 1929.453369140625 735.2371826171875
1682.010986328125 501.54400634765625 1767.7022705078125 763.2110595703125
1611.5762939453125 474.9715881347656 1690.8558349609375 773.0723876953125
1224.1624755859375 791.8592529296875 1302.9281005859375 1015.3217163085938
1507.176025390625 804.6629638671875 1560.6278076171875 1013.3648071289062
1275.6256103515625 494.364990234375 1350.6336669921875 766.910400390625
1554.674560546875 540.9683227539062 1612.0860595703125 769.9686279296875
1924.480224609375 458.3006591796875 2039.7947998046875 716.2910766601562
1460.0535888671875 808.3060302734375 1507.8560791015625 1005.1861572265625
1299.49462890625 796.5604248046875 1363.0908203125 1026.085693359375
996.8966674804688 780.9320068359375 1147.425048828125 959.5081787109375
2029.8887939453125 463.5859680175781 2140.2822265625 704.2893676757812
1415.2806396484375 812.1051025390625 1460.82666015625 999.8026733398438
1184.4215087890625 508.3436279296875 1278.0277099609375 760.3729858398438
1558.4351806640625 799.7710571289062 1624.4676513671875 1021.3064575195312
1484.15966796875 809.1251220703125 1523.00341796875 1008.191650390625
