1282.797607421875 686.8782348632812 1362.0084228515625 943.7574462890625
1815.7420654296875 924.9112548828125 2034.6370849609375 1156.3819580078125
1733.198974609375 963.3584594726562 1872.474365234375 1191.43017578125
1355.5101318359375 686.2620239257812 1446.348388671875 963.1683349609375
944.8817749023438 614.1602172851562 1068.681884765625 872.8102416992188
840.1693725585938 602.34521484375 985.912109375 824.5040893554688
1801.29052734375 632.4005126953125 1953.7529296875 902.5366821289062
1949.2266845703125 871.830078125 2155.437255859375 1085.2779541015625
1244.548095703125 974.2796020507812 1349.6324462890625 1192.297607421875
819.0828247070312 485.60125732421875 923.7202758789062 689.4903564453125
1613.630859375 641.5152587890625 1724.9815673828125 940.1139526367188
933.6218872070312 893.8444213867188 1136.4322509765625 1123.303466796875
1464.3177490234375 984.23388671875 1521.90087890625 1160.4835205078125
1581.2523193359375 969.6076049804688 1703.6424560546875 1202.43212890625
838.193603515625 845.6777954101562 1008.8948974609375 1056.033935546875
1443.7818603515625 691.7902221679688 1536.9849853515625 954.3667602539062
1118.650146484375 667.2379150390625 1214.0863037109375 913.0897216796875
1407.695556640625 990.22900390625 1462.09814453125 1157.4671630859375
1092.8956298828125 931.5726928710938 1211.701904296875 1162.5264892578125
1052.1724853515625 651.3446044921875 1147.70166015625 884.0459594726562
1183.244384765625 954.7824096679688 1286.1356201171875 1175.0697021484375
1201.5023193359375 651.8984985351562 1285.0751953125 940.7482299804688
1530.55859375 660.591064453125 1624.247802734375 940.6790771484375
1994.1146240234375 513.98193359375 2112.96533203125 727.0119018554688
1703.6966552734375 647.635498046875 1813.0301513671875 929.92041015625
2105.428466796875 858.1704711914062 2276.624267578125 1036.087646484375
1518.23486328125 978.0718383789062 1591.2012939453125 1166.4853515625
1345.5106201171875 998.5979614257812 1407.31982421875 1162.761962890625
1908.8885498046875 614.5230102539062 2077.10791015625 864.8916015625
1650.715576171875 959.4429931640625 1763.1829833984375 1192.4073486328125
710.50439453125 840.523681640625 874.2389526367188 977.2511596679688
