961.0575561523438 541.826171875 1079.680908203125 779.8785400390625
2074.724609375 733.9625854492188 2250.5302734375 919.2059936523438
1991.97216796875 519.6231689453125 2119.938232421875 748.9404296875
845.1886596679688 517.3037719726562 967.6309204101562 744.9517211914062
2036.8189697265625 469.6620178222656 2180.12841796875 640.3185424804688
1381.281494140625 554.2076416015625 1469.9208984375 835.1651611328125
1797.4420166015625 569.9584350585938 1883.0604248046875 798.0569458007812
1559.096435546875 568.2540283203125 1634.72900390625 819.4771118164062
1469.3099365234375 551.7835693359375 1559.5643310546875 836.9680786132812
852.4335327148438 793.3089599609375 1021.64697265625 993.1041259765625
1949.382080078125 789.808837890625 2117.81982421875 991.432373046875
1874.8287353515625 554.7001342773438 2001.35595703125 782.1581420898438
1736.27587890625 851.3507080078125 1837.3292236328125 1068.72802734375
1667.65966796875 861.5277709960938 1762.84814453125 1081.24462890625
792.5112915039062 434.1861267089844 923.7849731445312 630.5205078125
1635.3704833984375 497.138916015625 1721.5555419921875 825.1209106445312
1528.3857421875 859.9325561523438 1591.976318359375 1084.7960205078125
1205.484130859375 860.4948120117188 1287.52734375 1079.3441162109375
1362.7064208984375 866.5188598632812 1422.9183349609375 1074.1654052734375
1816.161865234375 827.4207153320312 1985.33349609375 1050.3021240234375
1272.8631591796875 858.7369995117188 1360.0819091796875 1106.9473876953125
749.8206176757812 747.2940063476562 903.38427734375 928.2064819335938
993.3870849609375 832.0049438476562 1145.6842041015625 1050.5426025390625
1420.21240234375 869.4654541015625 1477.173095703125 1064.2745361328125
1076.39599609375 560.3822021484375 1157.4185791015625 791.6751098632812
1149.2008056640625 573.5829467773438 1238.9090576171875 797.4345703125
1593.5096435546875 851.384521484375 1692.031982421875 1126.70166015625
1311.318603515625 563.9194946289062 1383.0457763671875 821.3253173828125
1714.5985107421875 569.344970703125 1809.3717041015625 808.0922241210938
1230.2237548828125 503.8648376464844 1311.9700927734375 817.646484375
1475.7899169921875 866.2333374023438 1529.9569091796875 1067.2762451171875
1126.4952392578125 850.6552124023438 1220.0567626953125 1065.1673583984375
